_Polyline
-2.500000,-2.500000,11.865298
-2.500000,-1.250000,11.858850
-2.500000,0.000000,11.852402
-2.500000,1.250000,11.845954
-2.500000,2.500000,11.839507
_Enter
_Polyline
-1.250000,-2.500000,11.833059
-1.250000,-1.250000,11.826611
-1.250000,0.000000,11.820163
-1.250000,1.250000,11.813715
-1.250000,2.500000,11.807267
_Enter
_Polyline
0.000000,-2.500000,11.800819
0.000000,-1.250000,11.794371
0.000000,0.000000,11.787923
0.000000,1.250000,11.781475
0.000000,2.500000,11.775027
_Enter
_Polyline
1.250000,-2.500000,11.768580
1.250000,-1.250000,11.762132
1.250000,0.000000,11.755684
1.250000,1.250000,11.749236
1.250000,2.500000,11.742788
_Enter
_Polyline
2.500000,-2.500000,11.736340
2.500000,-1.250000,11.729892
2.500000,0.000000,11.723444
2.500000,1.250000,11.716996
2.500000,2.500000,11.710548
_Enter
