_Polyline
-2.500000,-2.500000,11.871996
-2.500000,-1.250000,11.864875
-2.500000,0.000000,11.857754
-2.500000,1.250000,11.850633
-2.500000,2.500000,11.843512
_Enter
_Polyline
-1.250000,-2.500000,11.836391
-1.250000,-1.250000,11.829270
-1.250000,0.000000,11.822148
-1.250000,1.250000,11.815027
-1.250000,2.500000,11.807906
_Enter
_Polyline
0.000000,-2.500000,11.800785
0.000000,-1.250000,11.793664
0.000000,0.000000,11.786543
0.000000,1.250000,11.779422
0.000000,2.500000,11.772301
_Enter
_Polyline
1.250000,-2.500000,11.765180
1.250000,-1.250000,11.758059
1.250000,0.000000,11.750938
1.250000,1.250000,11.743817
1.250000,2.500000,11.736696
_Enter
_Polyline
2.500000,-2.500000,11.730037
2.500000,-1.250000,11.724133
2.500000,0.000000,11.718229
2.500000,1.250000,11.712324
2.500000,2.500000,11.706420
_Enter
