_Polyline
0.000000,0.000000,9.681559
0.000000,0.500000,9.681559
0.000000,1.000000,9.681559
0.000000,1.500000,9.681645
0.000000,2.000000,9.683728
0.000000,2.500000,9.685812
0.000000,3.000000,9.688052
0.000000,3.500000,9.692219
0.000000,4.000000,9.696385
0.000000,4.500000,9.700552
0.000000,5.000000,9.706537
0.000000,5.500000,9.712786
0.000000,6.000000,9.719036
0.000000,6.500000,9.727025
0.000000,7.000000,9.735357
0.000000,7.500000,9.743690
0.000000,8.000000,9.752147
0.000000,8.500000,9.762562
0.000000,9.000000,9.772977
0.000000,9.500000,9.783563
0.000000,10.000000,9.796061
0.000000,10.500000,9.808558
0.000000,11.000000,9.821055
0.000000,11.500000,9.835155
0.000000,12.000000,9.849734
0.000000,12.500000,9.864313
_Enter
_Polyline
0.500000,0.000000,9.681559
0.500000,0.500000,9.681559
0.500000,1.000000,9.681559
0.500000,1.500000,9.681645
0.500000,2.000000,9.683728
0.500000,2.500000,9.685812
0.500000,3.000000,9.688052
0.500000,3.500000,9.692219
0.500000,4.000000,9.696385
0.500000,4.500000,9.700552
0.500000,5.000000,9.706537
0.500000,5.500000,9.712786
0.500000,6.000000,9.719036
0.500000,6.500000,9.727025
0.500000,7.000000,9.735357
0.500000,7.500000,9.743690
0.500000,8.000000,9.752147
0.500000,8.500000,9.762562
0.500000,9.000000,9.772977
0.500000,9.500000,9.783563
0.500000,10.000000,9.796061
0.500000,10.500000,9.808558
0.500000,11.000000,9.821055
0.500000,11.500000,9.835155
0.500000,12.000000,9.849734
0.500000,12.500000,9.864313
_Enter
_Polyline
1.000000,0.000000,9.681559
1.000000,0.500000,9.681559
1.000000,1.000000,9.681559
1.000000,1.500000,9.681645
1.000000,2.000000,9.683728
1.000000,2.500000,9.685812
1.000000,3.000000,9.688052
1.000000,3.500000,9.692219
1.000000,4.000000,9.696385
1.000000,4.500000,9.700552
1.000000,5.000000,9.706537
1.000000,5.500000,9.712786
1.000000,6.000000,9.719036
1.000000,6.500000,9.727025
1.000000,7.000000,9.735357
1.000000,7.500000,9.743690
1.000000,8.000000,9.752147
1.000000,8.500000,9.762562
1.000000,9.000000,9.772977
1.000000,9.500000,9.783563
1.000000,10.000000,9.796061
1.000000,10.500000,9.808558
1.000000,11.000000,9.821055
1.000000,11.500000,9.835155
1.000000,12.000000,9.849734
1.000000,12.500000,9.864313
_Enter
_Polyline
1.500000,0.000000,9.681766
1.500000,0.500000,9.681766
1.500000,1.000000,9.681766
1.500000,1.500000,9.681826
1.500000,2.000000,9.683910
1.500000,2.500000,9.685993
1.500000,3.000000,9.688076
1.500000,3.500000,9.692219
1.500000,4.000000,9.696385
1.500000,4.500000,9.700592
1.500000,5.000000,9.706842
1.500000,5.500000,9.713091
1.500000,6.000000,9.719341
1.500000,6.500000,9.727102
1.500000,7.000000,9.735434
1.500000,7.500000,9.743767
1.500000,8.000000,9.752548
1.500000,8.500000,9.762963
1.500000,9.000000,9.773378
1.500000,9.500000,9.783793
1.500000,10.000000,9.796061
1.500000,10.500000,9.808558
1.500000,11.000000,9.821064
1.500000,11.500000,9.835643
1.500000,12.000000,9.850222
1.500000,12.500000,9.864800
_Enter
_Polyline
2.000000,0.000000,9.683849
2.000000,0.500000,9.683849
2.000000,1.000000,9.683849
2.000000,1.500000,9.683910
2.000000,2.000000,9.685993
2.000000,2.500000,9.688076
2.000000,3.000000,9.690159
2.000000,3.500000,9.694072
2.000000,4.000000,9.698238
2.000000,4.500000,9.702675
2.000000,5.000000,9.708925
2.000000,5.500000,9.715175
2.000000,6.000000,9.721424
2.000000,6.500000,9.729185
2.000000,7.000000,9.737517
2.000000,7.500000,9.745850
2.000000,8.000000,9.754631
2.000000,8.500000,9.765046
2.000000,9.000000,9.775461
2.000000,9.500000,9.785876
2.000000,10.000000,9.798095
2.000000,10.500000,9.810592
2.000000,11.000000,9.823147
2.000000,11.500000,9.837725
2.000000,12.000000,9.852304
2.000000,12.500000,9.866883
_Enter
_Polyline
2.500000,0.000000,9.685933
2.500000,0.500000,9.685933
2.500000,1.000000,9.685933
2.500000,1.500000,9.685993
2.500000,2.000000,9.688076
2.500000,2.500000,9.690159
2.500000,3.000000,9.692243
2.500000,3.500000,9.696155
2.500000,4.000000,9.700321
2.500000,4.500000,9.704759
2.500000,5.000000,9.711008
2.500000,5.500000,9.717258
2.500000,6.000000,9.723508
2.500000,6.500000,9.731268
2.500000,7.000000,9.739601
2.500000,7.500000,9.747933
2.500000,8.000000,9.756714
2.500000,8.500000,9.767129
2.500000,9.000000,9.777544
2.500000,9.500000,9.787959
2.500000,10.000000,9.800178
2.500000,10.500000,9.812675
2.500000,11.000000,9.825229
2.500000,11.500000,9.839808
2.500000,12.000000,9.854387
2.500000,12.500000,9.868966
_Enter
_Polyline
3.000000,0.000000,9.688016
3.000000,0.500000,9.688016
3.000000,1.000000,9.688016
3.000000,1.500000,9.688076
3.000000,2.000000,9.690159
3.000000,2.500000,9.692243
3.000000,3.000000,9.694553
3.000000,3.500000,9.698719
3.000000,4.000000,9.702886
3.000000,4.500000,9.707052
3.000000,5.000000,9.713091
3.000000,5.500000,9.719341
3.000000,6.000000,9.725591
3.000000,6.500000,9.733541
3.000000,7.000000,9.741874
3.000000,7.500000,9.750206
3.000000,8.000000,9.758797
3.000000,8.500000,9.769212
3.000000,9.000000,9.779627
3.000000,9.500000,9.790062
3.000000,10.000000,9.802559
3.000000,10.500000,9.815056
3.000000,11.000000,9.827553
3.000000,11.500000,9.841891
3.000000,12.000000,9.856470
3.000000,12.500000,9.871049
_Enter
_Polyline
3.500000,0.000000,9.692032
3.500000,0.500000,9.692032
3.500000,1.000000,9.692032
3.500000,1.500000,9.692032
3.500000,2.000000,9.694034
3.500000,2.500000,9.696117
3.500000,3.000000,9.698719
3.500000,3.500000,9.702886
3.500000,4.000000,9.707052
3.500000,4.500000,9.711218
3.500000,5.000000,9.716937
3.500000,5.500000,9.723187
3.500000,6.000000,9.729436
3.500000,6.500000,9.737707
3.500000,7.000000,9.746040
3.500000,7.500000,9.754372
3.500000,8.000000,9.762704
3.500000,8.500000,9.773066
3.500000,9.000000,9.783481
3.500000,9.500000,9.794228
3.500000,10.000000,9.806725
3.500000,10.500000,9.819222
3.500000,11.000000,9.831719
3.500000,11.500000,9.845881
3.500000,12.000000,9.860459
3.500000,12.500000,9.875038
_Enter
_Polyline
4.000000,0.000000,9.696199
4.000000,0.500000,9.696199
4.000000,1.000000,9.696199
4.000000,1.500000,9.696199
4.000000,2.000000,9.698201
4.000000,2.500000,9.700284
4.000000,3.000000,9.702886
4.000000,3.500000,9.707052
4.000000,4.000000,9.711218
4.000000,4.500000,9.715385
4.000000,5.000000,9.721104
4.000000,5.500000,9.727353
4.000000,6.000000,9.733603
4.000000,6.500000,9.741874
4.000000,7.000000,9.750206
4.000000,7.500000,9.758538
4.000000,8.000000,9.766870
4.000000,8.500000,9.777232
4.000000,9.000000,9.787647
4.000000,9.500000,9.798394
4.000000,10.000000,9.810891
4.000000,10.500000,9.823387
4.000000,11.000000,9.835884
4.000000,11.500000,9.850046
4.000000,12.000000,9.864625
4.000000,12.500000,9.879203
_Enter
_Polyline
4.500000,0.000000,9.700367
4.500000,0.500000,9.700367
4.500000,1.000000,9.700367
4.500000,1.500000,9.700471
4.500000,2.000000,9.702554
4.500000,2.500000,9.704637
4.500000,3.000000,9.707052
4.500000,3.500000,9.711218
4.500000,4.000000,9.715385
4.500000,4.500000,9.719551
4.500000,5.000000,9.725442
4.500000,5.500000,9.731691
4.500000,6.000000,9.737940
4.500000,6.500000,9.746040
4.500000,7.000000,9.754372
4.500000,7.500000,9.762704
4.500000,8.000000,9.771047
4.500000,8.500000,9.781461
4.500000,9.000000,9.791875
4.500000,9.500000,9.802559
4.500000,10.000000,9.815056
4.500000,10.500000,9.827553
4.500000,11.000000,9.840050
4.500000,11.500000,9.854234
4.500000,12.000000,9.868812
4.500000,12.500000,9.883390
_Enter
_Polyline
5.000000,0.000000,9.706616
5.000000,0.500000,9.706616
5.000000,1.000000,9.706616
5.000000,1.500000,9.706721
5.000000,2.000000,9.708804
5.000000,2.500000,9.710887
5.000000,3.000000,9.712970
5.000000,3.500000,9.716974
5.000000,4.000000,9.721140
5.000000,4.500000,9.725442
5.000000,5.000000,9.731691
5.000000,5.500000,9.737940
5.000000,6.000000,9.744190
5.000000,6.500000,9.751986
5.000000,7.000000,9.760318
5.000000,7.500000,9.768650
5.000000,8.000000,9.777295
5.000000,8.500000,9.787710
5.000000,9.000000,9.798124
5.000000,9.500000,9.808539
5.000000,10.000000,9.820817
5.000000,10.500000,9.833313
5.000000,11.000000,9.845903
5.000000,11.500000,9.860481
5.000000,12.000000,9.875060
5.000000,12.500000,9.889638
_Enter
_Polyline
5.500000,0.000000,9.712866
5.500000,0.500000,9.712866
5.500000,1.000000,9.712866
5.500000,1.500000,9.712970
5.500000,2.000000,9.715053
5.500000,2.500000,9.717137
5.500000,3.000000,9.719220
5.500000,3.500000,9.723223
5.500000,4.000000,9.727389
5.500000,4.500000,9.731691
5.500000,5.000000,9.737940
5.500000,5.500000,9.744190
5.500000,6.000000,9.750439
5.500000,6.500000,9.758235
5.500000,7.000000,9.766567
5.500000,7.500000,9.774899
5.500000,8.000000,9.783544
5.500000,8.500000,9.793958
5.500000,9.000000,9.804373
5.500000,9.500000,9.814787
5.500000,10.000000,9.827065
5.500000,10.500000,9.839562
5.500000,11.000000,9.852151
5.500000,11.500000,9.866729
5.500000,12.000000,9.881307
5.500000,12.500000,9.895885
_Enter
_Polyline
6.000000,0.000000,9.719116
6.000000,0.500000,9.719116
6.000000,1.000000,9.719116
6.000000,1.500000,9.719220
6.000000,2.000000,9.721303
6.000000,2.500000,9.723386
6.000000,3.000000,9.725470
6.000000,3.500000,9.729472
6.000000,4.000000,9.733639
6.000000,4.500000,9.737940
6.000000,5.000000,9.744190
6.000000,5.500000,9.750439
6.000000,6.000000,9.756688
6.000000,6.500000,9.764484
6.000000,7.000000,9.772816
6.000000,7.500000,9.781149
6.000000,8.000000,9.789793
6.000000,8.500000,9.800207
6.000000,9.000000,9.810622
6.000000,9.500000,9.821036
6.000000,10.000000,9.833313
6.000000,10.500000,9.845810
6.000000,11.000000,9.858399
6.000000,11.500000,9.872977
6.000000,12.000000,9.887555
6.000000,12.500000,9.902133
_Enter
_Polyline
6.500000,0.000000,9.727362
6.500000,0.500000,9.727362
6.500000,1.000000,9.727362
6.500000,1.500000,9.727362
6.500000,2.000000,9.729298
6.500000,2.500000,9.731382
6.500000,3.000000,9.733474
6.500000,3.500000,9.737640
6.500000,4.000000,9.741806
6.500000,4.500000,9.745973
6.500000,5.000000,9.752014
6.500000,5.500000,9.758263
6.500000,6.000000,9.764512
6.500000,6.500000,9.772791
6.500000,7.000000,9.781122
6.500000,7.500000,9.789454
6.500000,8.000000,9.797861
6.500000,8.500000,9.808275
6.500000,9.000000,9.818689
6.500000,9.500000,9.829103
6.500000,10.000000,9.841548
6.500000,10.500000,9.854044
6.500000,11.000000,9.866543
6.500000,11.500000,9.881120
6.500000,12.000000,9.895698
6.500000,12.500000,9.910275
_Enter
_Polyline
7.000000,0.000000,9.735695
7.000000,0.500000,9.735695
7.000000,1.000000,9.735695
7.000000,1.500000,9.735695
7.000000,2.000000,9.737631
7.000000,2.500000,9.739714
7.000000,3.000000,9.741806
7.000000,3.500000,9.745973
7.000000,4.000000,9.750139
7.000000,4.500000,9.754305
7.000000,5.000000,9.760346
7.000000,5.500000,9.766595
7.000000,6.000000,9.772845
7.000000,6.500000,9.781122
7.000000,7.000000,9.789454
7.000000,7.500000,9.797786
7.000000,8.000000,9.806192
7.000000,8.500000,9.816606
7.000000,9.000000,9.827021
7.000000,9.500000,9.837435
7.000000,10.000000,9.849879
7.000000,10.500000,9.862375
7.000000,11.000000,9.874873
7.000000,11.500000,9.889450
7.000000,12.000000,9.904028
7.000000,12.500000,9.918605
_Enter
_Polyline
7.500000,0.000000,9.744027
7.500000,0.500000,9.744027
7.500000,1.000000,9.744027
7.500000,1.500000,9.744027
7.500000,2.000000,9.745963
7.500000,2.500000,9.748046
7.500000,3.000000,9.750139
7.500000,3.500000,9.754305
7.500000,4.000000,9.758471
7.500000,4.500000,9.762637
7.500000,5.000000,9.768678
7.500000,5.500000,9.774928
7.500000,6.000000,9.781177
7.500000,6.500000,9.789454
7.500000,7.000000,9.797786
7.500000,7.500000,9.806117
7.500000,8.000000,9.814524
7.500000,8.500000,9.824938
7.500000,9.000000,9.835352
7.500000,9.500000,9.845766
7.500000,10.000000,9.858209
7.500000,10.500000,9.870705
7.500000,11.000000,9.883203
7.500000,11.500000,9.897780
7.500000,12.000000,9.912358
7.500000,12.500000,9.926935
_Enter
_Polyline
8.000000,0.000000,9.752360
8.000000,0.500000,9.752360
8.000000,1.000000,9.752360
8.000000,1.500000,9.752605
8.000000,2.000000,9.754688
8.000000,2.500000,9.756771
8.000000,3.000000,9.758854
8.000000,3.500000,9.762813
8.000000,4.000000,9.766979
8.000000,4.500000,9.771145
8.000000,5.000000,9.777201
8.000000,5.500000,9.783449
8.000000,6.000000,9.789698
8.000000,6.500000,9.797907
8.000000,7.000000,9.806239
8.000000,7.500000,9.814570
8.000000,8.000000,9.823024
8.000000,8.500000,9.833437
8.000000,9.000000,9.843851
8.000000,9.500000,9.854268
8.000000,10.000000,9.866763
8.000000,10.500000,9.879258
8.000000,11.000000,9.891754
8.000000,11.500000,9.906146
8.000000,12.000000,9.920723
8.000000,12.500000,9.935299
_Enter
_Polyline
8.500000,0.000000,9.762594
8.500000,0.500000,9.762594
8.500000,1.000000,9.762594
8.500000,1.500000,9.763020
8.500000,2.000000,9.765103
8.500000,2.500000,9.767186
8.500000,3.000000,9.769269
8.500000,3.500000,9.773228
8.500000,4.000000,9.777394
8.500000,4.500000,9.781560
8.500000,5.000000,9.787615
8.500000,5.500000,9.793864
8.500000,6.000000,9.800113
8.500000,6.500000,9.808321
8.500000,7.000000,9.816653
8.500000,7.500000,9.824984
8.500000,8.000000,9.833437
8.500000,8.500000,9.843851
8.500000,9.000000,9.854264
8.500000,9.500000,9.864681
8.500000,10.000000,9.877176
8.500000,10.500000,9.889671
8.500000,11.000000,9.902166
8.500000,11.500000,9.916558
8.500000,12.000000,9.931135
8.500000,12.500000,9.945711
_Enter
_Polyline
9.000000,0.000000,9.773009
9.000000,0.500000,9.773009
9.000000,1.000000,9.773009
9.000000,1.500000,9.773435
9.000000,2.000000,9.775518
9.000000,2.500000,9.777601
9.000000,3.000000,9.779684
9.000000,3.500000,9.783643
9.000000,4.000000,9.787809
9.000000,4.500000,9.791975
9.000000,5.000000,9.798030
9.000000,5.500000,9.804278
9.000000,6.000000,9.810527
9.000000,6.500000,9.818735
9.000000,7.000000,9.827067
9.000000,7.500000,9.835398
9.000000,8.000000,9.843851
9.000000,8.500000,9.854264
9.000000,9.000000,9.864677
9.000000,9.500000,9.875093
9.000000,10.000000,9.887589
9.000000,10.500000,9.900084
9.000000,11.000000,9.912579
9.000000,11.500000,9.926970
9.000000,12.000000,9.941546
9.000000,12.500000,9.956123
_Enter
_Polyline
9.500000,0.000000,9.783756
9.500000,0.500000,9.783756
9.500000,1.000000,9.783756
9.500000,1.500000,9.783850
9.500000,2.000000,9.785933
9.500000,2.500000,9.788016
9.500000,3.000000,9.790159
9.500000,3.500000,9.794325
9.500000,4.000000,9.798490
9.500000,4.500000,9.802656
9.500000,5.000000,9.808776
9.500000,5.500000,9.815024
9.500000,6.000000,9.821272
9.500000,6.500000,9.829149
9.500000,7.000000,9.837481
9.500000,7.500000,9.845812
9.500000,8.000000,9.854573
9.500000,8.500000,9.864985
9.500000,9.000000,9.875398
9.500000,9.500000,9.885811
9.500000,10.000000,9.898007
9.500000,10.500000,9.910501
9.500000,11.000000,9.922996
9.500000,11.500000,9.937415
9.500000,12.000000,9.951991
9.500000,12.500000,9.966566
_Enter
_Polyline
10.000000,0.000000,9.796253
10.000000,0.500000,9.796253
10.000000,1.000000,9.796253
10.000000,1.500000,9.796253
10.000000,2.000000,9.798254
10.000000,2.500000,9.800337
10.000000,3.000000,9.802656
10.000000,3.500000,9.806822
10.000000,4.000000,9.810987
10.000000,4.500000,9.815153
10.000000,5.000000,9.821272
10.000000,5.500000,9.827521
10.000000,6.000000,9.833769
10.000000,6.500000,9.841614
10.000000,7.000000,9.849945
10.000000,7.500000,9.858275
10.000000,8.000000,9.867068
10.000000,8.500000,9.877481
10.000000,9.000000,9.887893
10.000000,9.500000,9.898306
10.000000,10.000000,9.910501
10.000000,10.500000,9.922996
10.000000,11.000000,9.935490
10.000000,11.500000,9.949908
10.000000,12.000000,9.964484
10.000000,12.500000,9.979060
_Enter
_Polyline
10.500000,0.000000,9.808751
10.500000,0.500000,9.808751
10.500000,1.000000,9.808751
10.500000,1.500000,9.808751
10.500000,2.000000,9.810751
10.500000,2.500000,9.812834
10.500000,3.000000,9.815153
10.500000,3.500000,9.819319
10.500000,4.000000,9.823484
10.500000,4.500000,9.827650
10.500000,5.000000,9.833769
10.500000,5.500000,9.840017
10.500000,6.000000,9.846265
10.500000,6.500000,9.854110
10.500000,7.000000,9.862441
10.500000,7.500000,9.870771
10.500000,8.000000,9.879563
10.500000,8.500000,9.889976
10.500000,9.000000,9.900389
10.500000,9.500000,9.910801
10.500000,10.000000,9.922996
10.500000,10.500000,9.935490
10.500000,11.000000,9.947985
10.500000,11.500000,9.962402
10.500000,12.000000,9.976978
10.500000,12.500000,9.991553
_Enter
_Polyline
11.000000,0.000000,9.821248
11.000000,0.500000,9.821248
11.000000,1.000000,9.821248
11.000000,1.500000,9.821248
11.000000,2.000000,9.823248
11.000000,2.500000,9.825331
11.000000,3.000000,9.827650
11.000000,3.500000,9.831816
11.000000,4.000000,9.835981
11.000000,4.500000,9.840147
11.000000,5.000000,9.846265
11.000000,5.500000,9.852514
11.000000,6.000000,9.858762
11.000000,6.500000,9.866606
11.000000,7.000000,9.874937
11.000000,7.500000,9.883267
11.000000,8.000000,9.892059
11.000000,8.500000,9.902471
11.000000,9.000000,9.912884
11.000000,9.500000,9.923297
11.000000,10.000000,9.935490
11.000000,10.500000,9.947985
11.000000,11.000000,9.960479
11.000000,11.500000,9.974895
11.000000,12.000000,9.989471
11.000000,12.500000,10.004047
_Enter
_Polyline
11.500000,0.000000,9.835496
11.500000,0.500000,9.835496
11.500000,1.000000,9.835496
11.500000,1.500000,9.835726
11.500000,2.000000,9.837809
11.500000,2.500000,9.839892
11.500000,3.000000,9.841975
11.500000,3.500000,9.846000
11.500000,4.000000,9.850166
11.500000,4.500000,9.854331
11.500000,5.000000,9.860516
11.500000,5.500000,9.866763
11.500000,6.000000,9.873011
11.500000,6.500000,9.881010
11.500000,7.000000,9.889340
11.500000,7.500000,9.897670
11.500000,8.000000,9.906148
11.500000,8.500000,9.916560
11.500000,9.000000,9.926972
11.500000,9.500000,9.937449
11.500000,10.000000,9.949943
11.500000,10.500000,9.962436
11.500000,11.000000,9.974930
11.500000,11.500000,9.989366
11.500000,12.000000,10.003940
11.500000,12.500000,10.018515
_Enter
_Polyline
12.000000,0.000000,9.850075
12.000000,0.500000,9.850075
12.000000,1.000000,9.850075
12.000000,1.500000,9.850305
12.000000,2.000000,9.852388
12.000000,2.500000,9.854471
12.000000,3.000000,9.856553
12.000000,3.500000,9.860579
12.000000,4.000000,9.864744
12.000000,4.500000,9.868910
12.000000,5.000000,9.875094
12.000000,5.500000,9.881341
12.000000,6.000000,9.887589
12.000000,6.500000,9.895588
12.000000,7.000000,9.903918
12.000000,7.500000,9.912248
12.000000,8.000000,9.920724
12.000000,8.500000,9.931136
12.000000,9.000000,9.941548
12.000000,9.500000,9.952025
12.000000,10.000000,9.964518
12.000000,10.500000,9.977012
12.000000,11.000000,9.989505
12.000000,11.500000,10.003940
12.000000,12.000000,10.018515
12.000000,12.500000,10.033089
_Enter
_Polyline
12.500000,0.000000,9.864654
12.500000,0.500000,9.864654
12.500000,1.000000,9.864654
12.500000,1.500000,9.864884
12.500000,2.000000,9.866967
12.500000,2.500000,9.869049
12.500000,3.000000,9.871132
12.500000,3.500000,9.875157
12.500000,4.000000,9.879323
12.500000,4.500000,9.883488
12.500000,5.000000,9.889672
12.500000,5.500000,9.895920
12.500000,6.000000,9.902167
12.500000,6.500000,9.910165
12.500000,7.000000,9.918495
12.500000,7.500000,9.926825
12.500000,8.000000,9.935301
12.500000,8.500000,9.945713
12.500000,9.000000,9.956125
12.500000,9.500000,9.966601
12.500000,10.000000,9.979094
12.500000,10.500000,9.991588
12.500000,11.000000,10.004081
12.500000,11.500000,10.018515
12.500000,12.000000,10.033089
12.500000,12.500000,10.047664
_Enter
