_Polyline
-2.500000,-2.500000,11.858686
-2.500000,-1.875000,11.685497
-2.500000,-1.250000,11.625243
-2.500000,-0.625000,11.564988
-2.500000,0.000000,11.624759
-2.500000,0.625000,11.685014
-2.500000,1.250000,11.745268
-2.500000,1.875000,11.916097
-2.500000,2.500000,12.091863
_Enter
_Polyline
-1.875000,-2.500000,11.682920
-1.875000,-1.875000,11.507154
-1.875000,-1.250000,11.444479
-1.875000,-0.625000,11.384225
-1.875000,0.000000,11.443996
-1.875000,0.625000,11.504251
-1.875000,1.250000,11.564564
-1.875000,1.875000,11.740330
-1.875000,2.500000,11.916097
_Enter
_Polyline
-1.250000,-2.500000,11.566627
-1.250000,-1.875000,11.385864
-1.250000,-1.250000,11.263716
-1.250000,-0.625000,11.203462
-1.250000,0.000000,11.263233
-1.250000,0.625000,11.323487
-1.250000,1.250000,11.388798
-1.250000,1.875000,11.564564
-1.250000,2.500000,11.740330
_Enter
_Polyline
-0.625000,-2.500000,11.506372
-0.625000,-1.875000,11.325609
-0.625000,-1.250000,11.144846
-0.625000,-0.625000,11.076552
-0.625000,0.000000,11.138587
-0.625000,0.625000,11.200622
-0.625000,1.250000,11.262658
-0.625000,1.875000,11.439956
-0.625000,2.500000,11.620719
_Enter
_Polyline
0.000000,-2.500000,11.446118
0.000000,-1.875000,11.265355
0.000000,-1.250000,11.084591
0.000000,-0.625000,11.018686
0.000000,0.000000,11.076552
0.000000,0.625000,11.138587
0.000000,1.250000,11.200622
0.000000,1.875000,11.379702
0.000000,2.500000,11.560465
_Enter
_Polyline
0.625000,-2.500000,11.506347
0.625000,-1.875000,11.325584
0.625000,-1.250000,11.144821
0.625000,-0.625000,11.080721
0.625000,0.000000,11.018686
0.625000,0.625000,11.076863
0.625000,1.250000,11.138898
0.625000,1.875000,11.319447
0.625000,2.500000,11.500210
_Enter
_Polyline
1.250000,-2.500000,11.566602
1.250000,-1.875000,11.385839
1.250000,-1.250000,11.205075
1.250000,-0.625000,11.142756
1.250000,0.000000,11.080721
1.250000,0.625000,11.138898
1.250000,1.250000,11.200934
1.250000,1.875000,11.262969
1.250000,2.500000,11.439956
_Enter
_Polyline
1.875000,-2.500000,11.630919
1.875000,-1.875000,11.455152
1.875000,-1.250000,11.279386
1.875000,-0.625000,11.204792
1.875000,0.000000,11.142756
1.875000,0.625000,11.202855
1.875000,1.250000,11.263109
1.875000,1.875000,11.325004
1.875000,2.500000,11.387040
_Enter
_Polyline
2.500000,-2.500000,11.806685
2.500000,-1.875000,11.630919
2.500000,-1.250000,11.455152
2.500000,-0.625000,11.279386
2.500000,0.000000,11.323364
2.500000,0.625000,11.383618
2.500000,1.250000,11.443873
2.500000,1.875000,11.504127
2.500000,2.500000,11.564381
_Enter
