_Polyline
-2.500000,-2.500000,11.160808
-2.500000,-2.397959,11.132112
-2.500000,-2.295918,11.103415
-2.500000,-2.193878,11.074719
-2.500000,-2.091837,11.046022
-2.500000,-1.989796,11.017326
-2.500000,-1.887755,10.988629
-2.500000,-1.785714,10.959933
-2.500000,-1.683673,10.931236
-2.500000,-1.581633,10.902540
-2.500000,-1.479592,10.882054
-2.500000,-1.377551,10.867364
-2.500000,-1.275510,10.852673
-2.500000,-1.173469,10.837982
-2.500000,-1.071429,10.823292
-2.500000,-0.969388,10.808601
-2.500000,-0.867347,10.793910
-2.500000,-0.765306,10.779220
-2.500000,-0.663265,10.764529
-2.500000,-0.561224,10.749838
-2.500000,-0.459184,10.738847
-2.500000,-0.357143,10.738847
-2.500000,-0.255102,10.738847
-2.500000,-0.153061,10.738847
-2.500000,-0.051020,10.738847
-2.500000,0.051020,10.738847
-2.500000,0.153061,10.738847
-2.500000,0.255102,10.738847
-2.500000,0.357143,10.738847
-2.500000,0.459184,10.738847
-2.500000,0.561224,10.741391
-2.500000,0.663265,10.756082
-2.500000,0.765306,10.770773
-2.500000,0.867347,10.785463
-2.500000,0.969388,10.800154
-2.500000,1.071429,10.814845
-2.500000,1.173469,10.829535
-2.500000,1.275510,10.844226
-2.500000,1.377551,10.858917
-2.500000,1.479592,10.873607
-2.500000,1.581633,10.888881
-2.500000,1.683673,10.917578
-2.500000,1.785714,10.946274
-2.500000,1.887755,10.974971
-2.500000,1.989796,11.003667
-2.500000,2.091837,11.032364
-2.500000,2.193878,11.061060
-2.500000,2.295918,11.089757
-2.500000,2.397959,11.118453
-2.500000,2.500000,11.147150
_Enter
_Polyline
-2.397959,-2.500000,11.132112
-2.397959,-2.397959,11.103415
-2.397959,-2.295918,11.074719
-2.397959,-2.193878,11.046022
-2.397959,-2.091837,11.017326
-2.397959,-1.989796,10.988629
-2.397959,-1.887755,10.959933
-2.397959,-1.785714,10.931236
-2.397959,-1.683673,10.902540
-2.397959,-1.581633,10.873843
-2.397959,-1.479592,10.852673
-2.397959,-1.377551,10.837982
-2.397959,-1.275510,10.823292
-2.397959,-1.173469,10.808601
-2.397959,-1.071429,10.793910
-2.397959,-0.969388,10.779220
-2.397959,-0.867347,10.764529
-2.397959,-0.765306,10.749838
-2.397959,-0.663265,10.735148
-2.397959,-0.561224,10.720457
-2.397959,-0.459184,10.709228
-2.397959,-0.357143,10.709228
-2.397959,-0.255102,10.709228
-2.397959,-0.153061,10.709228
-2.397959,-0.051020,10.709228
-2.397959,0.051020,10.709228
-2.397959,0.153061,10.709228
-2.397959,0.255102,10.709228
-2.397959,0.357143,10.709228
-2.397959,0.459184,10.709228
-2.397959,0.561224,10.712010
-2.397959,0.663265,10.726701
-2.397959,0.765306,10.741391
-2.397959,0.867347,10.756082
-2.397959,0.969388,10.770773
-2.397959,1.071429,10.785463
-2.397959,1.173469,10.800154
-2.397959,1.275510,10.814845
-2.397959,1.377551,10.829535
-2.397959,1.479592,10.844226
-2.397959,1.581633,10.860185
-2.397959,1.683673,10.888881
-2.397959,1.785714,10.917578
-2.397959,1.887755,10.946274
-2.397959,1.989796,10.974971
-2.397959,2.091837,11.003667
-2.397959,2.193878,11.032364
-2.397959,2.295918,11.061060
-2.397959,2.397959,11.089757
-2.397959,2.500000,11.118453
_Enter
_Polyline
-2.295918,-2.500000,11.103415
-2.295918,-2.397959,11.074719
-2.295918,-2.295918,11.046022
-2.295918,-2.193878,11.017326
-2.295918,-2.091837,10.988629
-2.295918,-1.989796,10.959933
-2.295918,-1.887755,10.931236
-2.295918,-1.785714,10.902540
-2.295918,-1.683673,10.873843
-2.295918,-1.581633,10.845146
-2.295918,-1.479592,10.823292
-2.295918,-1.377551,10.808601
-2.295918,-1.275510,10.793910
-2.295918,-1.173469,10.779220
-2.295918,-1.071429,10.764529
-2.295918,-0.969388,10.749838
-2.295918,-0.867347,10.735148
-2.295918,-0.765306,10.720457
-2.295918,-0.663265,10.705766
-2.295918,-0.561224,10.691076
-2.295918,-0.459184,10.679610
-2.295918,-0.357143,10.679610
-2.295918,-0.255102,10.679610
-2.295918,-0.153061,10.679610
-2.295918,-0.051020,10.679610
-2.295918,0.051020,10.679610
-2.295918,0.153061,10.679610
-2.295918,0.255102,10.679610
-2.295918,0.357143,10.679610
-2.295918,0.459184,10.679610
-2.295918,0.561224,10.682629
-2.295918,0.663265,10.697319
-2.295918,0.765306,10.712010
-2.295918,0.867347,10.726701
-2.295918,0.969388,10.741391
-2.295918,1.071429,10.756082
-2.295918,1.173469,10.770773
-2.295918,1.275510,10.785463
-2.295918,1.377551,10.800154
-2.295918,1.479592,10.814845
-2.295918,1.581633,10.831488
-2.295918,1.683673,10.860185
-2.295918,1.785714,10.888881
-2.295918,1.887755,10.917578
-2.295918,1.989796,10.946274
-2.295918,2.091837,10.974971
-2.295918,2.193878,11.003667
-2.295918,2.295918,11.032364
-2.295918,2.397959,11.061060
-2.295918,2.500000,11.089757
_Enter
_Polyline
-2.193878,-2.500000,11.074719
-2.193878,-2.397959,11.046022
-2.193878,-2.295918,11.017326
-2.193878,-2.193878,10.988629
-2.193878,-2.091837,10.959933
-2.193878,-1.989796,10.931236
-2.193878,-1.887755,10.902540
-2.193878,-1.785714,10.873843
-2.193878,-1.683673,10.845146
-2.193878,-1.581633,10.816450
-2.193878,-1.479592,10.793910
-2.193878,-1.377551,10.779220
-2.193878,-1.275510,10.764529
-2.193878,-1.173469,10.749838
-2.193878,-1.071429,10.735148
-2.193878,-0.969388,10.720457
-2.193878,-0.867347,10.705766
-2.193878,-0.765306,10.691076
-2.193878,-0.663265,10.676385
-2.193878,-0.561224,10.661694
-2.193878,-0.459184,10.649992
-2.193878,-0.357143,10.649992
-2.193878,-0.255102,10.649992
-2.193878,-0.153061,10.649992
-2.193878,-0.051020,10.649992
-2.193878,0.051020,10.649992
-2.193878,0.153061,10.649992
-2.193878,0.255102,10.649992
-2.193878,0.357143,10.649992
-2.193878,0.459184,10.649992
-2.193878,0.561224,10.653247
-2.193878,0.663265,10.667938
-2.193878,0.765306,10.682629
-2.193878,0.867347,10.697319
-2.193878,0.969388,10.712010
-2.193878,1.071429,10.726701
-2.193878,1.173469,10.741391
-2.193878,1.275510,10.756082
-2.193878,1.377551,10.770773
-2.193878,1.479592,10.785463
-2.193878,1.581633,10.802791
-2.193878,1.683673,10.831488
-2.193878,1.785714,10.860185
-2.193878,1.887755,10.888881
-2.193878,1.989796,10.917578
-2.193878,2.091837,10.946274
-2.193878,2.193878,10.974971
-2.193878,2.295918,11.003667
-2.193878,2.397959,11.032364
-2.193878,2.500000,11.061060
_Enter
_Polyline
-2.091837,-2.500000,11.046022
-2.091837,-2.397959,11.017326
-2.091837,-2.295918,10.988629
-2.091837,-2.193878,10.959933
-2.091837,-2.091837,10.931236
-2.091837,-1.989796,10.902540
-2.091837,-1.887755,10.873843
-2.091837,-1.785714,10.845146
-2.091837,-1.683673,10.816450
-2.091837,-1.581633,10.787753
-2.091837,-1.479592,10.764529
-2.091837,-1.377551,10.749838
-2.091837,-1.275510,10.735148
-2.091837,-1.173469,10.720457
-2.091837,-1.071429,10.705766
-2.091837,-0.969388,10.691076
-2.091837,-0.867347,10.676385
-2.091837,-0.765306,10.661694
-2.091837,-0.663265,10.647004
-2.091837,-0.561224,10.632313
-2.091837,-0.459184,10.620374
-2.091837,-0.357143,10.620374
-2.091837,-0.255102,10.620374
-2.091837,-0.153061,10.620374
-2.091837,-0.051020,10.620374
-2.091837,0.051020,10.620374
-2.091837,0.153061,10.620374
-2.091837,0.255102,10.620374
-2.091837,0.357143,10.620374
-2.091837,0.459184,10.620374
-2.091837,0.561224,10.623866
-2.091837,0.663265,10.638557
-2.091837,0.765306,10.653247
-2.091837,0.867347,10.667938
-2.091837,0.969388,10.682629
-2.091837,1.071429,10.697319
-2.091837,1.173469,10.712010
-2.091837,1.275510,10.726701
-2.091837,1.377551,10.741391
-2.091837,1.479592,10.756082
-2.091837,1.581633,10.774095
-2.091837,1.683673,10.802791
-2.091837,1.785714,10.831488
-2.091837,1.887755,10.860185
-2.091837,1.989796,10.888881
-2.091837,2.091837,10.917578
-2.091837,2.193878,10.946274
-2.091837,2.295918,10.974971
-2.091837,2.397959,11.003667
-2.091837,2.500000,11.032364
_Enter
_Polyline
-1.989796,-2.500000,11.017326
-1.989796,-2.397959,10.988629
-1.989796,-2.295918,10.959933
-1.989796,-2.193878,10.931236
-1.989796,-2.091837,10.902540
-1.989796,-1.989796,10.873843
-1.989796,-1.887755,10.845146
-1.989796,-1.785714,10.816450
-1.989796,-1.683673,10.787753
-1.989796,-1.581633,10.759057
-1.989796,-1.479592,10.735148
-1.989796,-1.377551,10.720457
-1.989796,-1.275510,10.705766
-1.989796,-1.173469,10.691076
-1.989796,-1.071429,10.676385
-1.989796,-0.969388,10.661694
-1.989796,-0.867347,10.647004
-1.989796,-0.765306,10.632313
-1.989796,-0.663265,10.617623
-1.989796,-0.561224,10.602932
-1.989796,-0.459184,10.590756
-1.989796,-0.357143,10.590756
-1.989796,-0.255102,10.590756
-1.989796,-0.153061,10.590756
-1.989796,-0.051020,10.590756
-1.989796,0.051020,10.590756
-1.989796,0.153061,10.590756
-1.989796,0.255102,10.590756
-1.989796,0.357143,10.590756
-1.989796,0.459184,10.590756
-1.989796,0.561224,10.594485
-1.989796,0.663265,10.609175
-1.989796,0.765306,10.623866
-1.989796,0.867347,10.638557
-1.989796,0.969388,10.653247
-1.989796,1.071429,10.667938
-1.989796,1.173469,10.682629
-1.989796,1.275510,10.697319
-1.989796,1.377551,10.712010
-1.989796,1.479592,10.726701
-1.989796,1.581633,10.745398
-1.989796,1.683673,10.774095
-1.989796,1.785714,10.802791
-1.989796,1.887755,10.831488
-1.989796,1.989796,10.860185
-1.989796,2.091837,10.888881
-1.989796,2.193878,10.917578
-1.989796,2.295918,10.946274
-1.989796,2.397959,10.974971
-1.989796,2.500000,11.003667
_Enter
_Polyline
-1.887755,-2.500000,10.988629
-1.887755,-2.397959,10.959933
-1.887755,-2.295918,10.931236
-1.887755,-2.193878,10.902540
-1.887755,-2.091837,10.873843
-1.887755,-1.989796,10.845146
-1.887755,-1.887755,10.816450
-1.887755,-1.785714,10.787753
-1.887755,-1.683673,10.759057
-1.887755,-1.581633,10.730360
-1.887755,-1.479592,10.705766
-1.887755,-1.377551,10.691076
-1.887755,-1.275510,10.676385
-1.887755,-1.173469,10.661694
-1.887755,-1.071429,10.647004
-1.887755,-0.969388,10.632313
-1.887755,-0.867347,10.617623
-1.887755,-0.765306,10.602932
-1.887755,-0.663265,10.588241
-1.887755,-0.561224,10.573551
-1.887755,-0.459184,10.561138
-1.887755,-0.357143,10.561138
-1.887755,-0.255102,10.561138
-1.887755,-0.153061,10.561138
-1.887755,-0.051020,10.561138
-1.887755,0.051020,10.561138
-1.887755,0.153061,10.561138
-1.887755,0.255102,10.561138
-1.887755,0.357143,10.561138
-1.887755,0.459184,10.561138
-1.887755,0.561224,10.565103
-1.887755,0.663265,10.579794
-1.887755,0.765306,10.594485
-1.887755,0.867347,10.609175
-1.887755,0.969388,10.623866
-1.887755,1.071429,10.638557
-1.887755,1.173469,10.653247
-1.887755,1.275510,10.667938
-1.887755,1.377551,10.682629
-1.887755,1.479592,10.697319
-1.887755,1.581633,10.716702
-1.887755,1.683673,10.745398
-1.887755,1.785714,10.774095
-1.887755,1.887755,10.802791
-1.887755,1.989796,10.831488
-1.887755,2.091837,10.860185
-1.887755,2.193878,10.888881
-1.887755,2.295918,10.917578
-1.887755,2.397959,10.946274
-1.887755,2.500000,10.974971
_Enter
_Polyline
-1.785714,-2.500000,10.959933
-1.785714,-2.397959,10.931236
-1.785714,-2.295918,10.902540
-1.785714,-2.193878,10.873843
-1.785714,-2.091837,10.845146
-1.785714,-1.989796,10.816450
-1.785714,-1.887755,10.787753
-1.785714,-1.785714,10.759057
-1.785714,-1.683673,10.730360
-1.785714,-1.581633,10.701664
-1.785714,-1.479592,10.676385
-1.785714,-1.377551,10.661694
-1.785714,-1.275510,10.647004
-1.785714,-1.173469,10.632313
-1.785714,-1.071429,10.617623
-1.785714,-0.969388,10.602932
-1.785714,-0.867347,10.588241
-1.785714,-0.765306,10.573551
-1.785714,-0.663265,10.558860
-1.785714,-0.561224,10.544169
-1.785714,-0.459184,10.531519
-1.785714,-0.357143,10.531519
-1.785714,-0.255102,10.531519
-1.785714,-0.153061,10.531519
-1.785714,-0.051020,10.531519
-1.785714,0.051020,10.531519
-1.785714,0.153061,10.531519
-1.785714,0.255102,10.531519
-1.785714,0.357143,10.531519
-1.785714,0.459184,10.531519
-1.785714,0.561224,10.535722
-1.785714,0.663265,10.550413
-1.785714,0.765306,10.565103
-1.785714,0.867347,10.579794
-1.785714,0.969388,10.594485
-1.785714,1.071429,10.609175
-1.785714,1.173469,10.623866
-1.785714,1.275510,10.638557
-1.785714,1.377551,10.653247
-1.785714,1.479592,10.667938
-1.785714,1.581633,10.688005
-1.785714,1.683673,10.716702
-1.785714,1.785714,10.745398
-1.785714,1.887755,10.774095
-1.785714,1.989796,10.802791
-1.785714,2.091837,10.831488
-1.785714,2.193878,10.860185
-1.785714,2.295918,10.888881
-1.785714,2.397959,10.917578
-1.785714,2.500000,10.946274
_Enter
_Polyline
-1.683673,-2.500000,10.931236
-1.683673,-2.397959,10.902540
-1.683673,-2.295918,10.873843
-1.683673,-2.193878,10.845146
-1.683673,-2.091837,10.816450
-1.683673,-1.989796,10.787753
-1.683673,-1.887755,10.759057
-1.683673,-1.785714,10.730360
-1.683673,-1.683673,10.701664
-1.683673,-1.581633,10.672967
-1.683673,-1.479592,10.647004
-1.683673,-1.377551,10.632313
-1.683673,-1.275510,10.617623
-1.683673,-1.173469,10.602932
-1.683673,-1.071429,10.588241
-1.683673,-0.969388,10.573551
-1.683673,-0.867347,10.558860
-1.683673,-0.765306,10.544169
-1.683673,-0.663265,10.529479
-1.683673,-0.561224,10.514788
-1.683673,-0.459184,10.501901
-1.683673,-0.357143,10.501901
-1.683673,-0.255102,10.501901
-1.683673,-0.153061,10.501901
-1.683673,-0.051020,10.501901
-1.683673,0.051020,10.501901
-1.683673,0.153061,10.501901
-1.683673,0.255102,10.501901
-1.683673,0.357143,10.501901
-1.683673,0.459184,10.501901
-1.683673,0.561224,10.506341
-1.683673,0.663265,10.521031
-1.683673,0.765306,10.535722
-1.683673,0.867347,10.550413
-1.683673,0.969388,10.565103
-1.683673,1.071429,10.579794
-1.683673,1.173469,10.594485
-1.683673,1.275510,10.609175
-1.683673,1.377551,10.623866
-1.683673,1.479592,10.638557
-1.683673,1.581633,10.659309
-1.683673,1.683673,10.688005
-1.683673,1.785714,10.716702
-1.683673,1.887755,10.745398
-1.683673,1.989796,10.774095
-1.683673,2.091837,10.802791
-1.683673,2.193878,10.831488
-1.683673,2.295918,10.860185
-1.683673,2.397959,10.888881
-1.683673,2.500000,10.917578
_Enter
_Polyline
-1.581633,-2.500000,10.902540
-1.581633,-2.397959,10.873843
-1.581633,-2.295918,10.845146
-1.581633,-2.193878,10.816450
-1.581633,-2.091837,10.787753
-1.581633,-1.989796,10.759057
-1.581633,-1.887755,10.730360
-1.581633,-1.785714,10.701664
-1.581633,-1.683673,10.672967
-1.581633,-1.581633,10.644271
-1.581633,-1.479592,10.617623
-1.581633,-1.377551,10.602932
-1.581633,-1.275510,10.588241
-1.581633,-1.173469,10.573551
-1.581633,-1.071429,10.558860
-1.581633,-0.969388,10.544169
-1.581633,-0.867347,10.529479
-1.581633,-0.765306,10.514788
-1.581633,-0.663265,10.500097
-1.581633,-0.561224,10.485407
-1.581633,-0.459184,10.472283
-1.581633,-0.357143,10.472283
-1.581633,-0.255102,10.472283
-1.581633,-0.153061,10.472283
-1.581633,-0.051020,10.472283
-1.581633,0.051020,10.472283
-1.581633,0.153061,10.472283
-1.581633,0.255102,10.472283
-1.581633,0.357143,10.472283
-1.581633,0.459184,10.472283
-1.581633,0.561224,10.476959
-1.581633,0.663265,10.491650
-1.581633,0.765306,10.506341
-1.581633,0.867347,10.521031
-1.581633,0.969388,10.535722
-1.581633,1.071429,10.550413
-1.581633,1.173469,10.565103
-1.581633,1.275510,10.579794
-1.581633,1.377551,10.594485
-1.581633,1.479592,10.609175
-1.581633,1.581633,10.630612
-1.581633,1.683673,10.659309
-1.581633,1.785714,10.688005
-1.581633,1.887755,10.716702
-1.581633,1.989796,10.745398
-1.581633,2.091837,10.774095
-1.581633,2.193878,10.802791
-1.581633,2.295918,10.831488
-1.581633,2.397959,10.860185
-1.581633,2.500000,10.888881
_Enter
_Polyline
-1.479592,-2.500000,10.880005
-1.479592,-2.397959,10.850624
-1.479592,-2.295918,10.821243
-1.479592,-2.193878,10.791861
-1.479592,-2.091837,10.762480
-1.479592,-1.989796,10.733099
-1.479592,-1.887755,10.703717
-1.479592,-1.785714,10.674336
-1.479592,-1.683673,10.644955
-1.479592,-1.581633,10.615574
-1.479592,-1.479592,10.591543
-1.479592,-1.377551,10.576491
-1.479592,-1.275510,10.561438
-1.479592,-1.173469,10.546385
-1.479592,-1.071429,10.531332
-1.479592,-0.969388,10.516279
-1.479592,-0.867347,10.501227
-1.479592,-0.765306,10.486174
-1.479592,-0.663265,10.471121
-1.479592,-0.561224,10.456068
-1.479592,-0.459184,10.442821
-1.479592,-0.357143,10.442821
-1.479592,-0.255102,10.442821
-1.479592,-0.153061,10.442821
-1.479592,-0.051020,10.442821
-1.479592,0.051020,10.442821
-1.479592,0.153061,10.442821
-1.479592,0.255102,10.442821
-1.479592,0.357143,10.442821
-1.479592,0.459184,10.442821
-1.479592,0.561224,10.447611
-1.479592,0.663265,10.462664
-1.479592,0.765306,10.477717
-1.479592,0.867347,10.492770
-1.479592,0.969388,10.507823
-1.479592,1.071429,10.522875
-1.479592,1.173469,10.537928
-1.479592,1.275510,10.552981
-1.479592,1.377551,10.568034
-1.479592,1.479592,10.583087
-1.479592,1.581633,10.601970
-1.479592,1.683673,10.631351
-1.479592,1.785714,10.660732
-1.479592,1.887755,10.690114
-1.479592,1.989796,10.719495
-1.479592,2.091837,10.748876
-1.479592,2.193878,10.778257
-1.479592,2.295918,10.807639
-1.479592,2.397959,10.837020
-1.479592,2.500000,10.866401
_Enter
_Polyline
-1.377551,-2.500000,10.865315
-1.377551,-2.397959,10.835933
-1.377551,-2.295918,10.806552
-1.377551,-2.193878,10.777171
-1.377551,-2.091837,10.747789
-1.377551,-1.989796,10.718408
-1.377551,-1.887755,10.689027
-1.377551,-1.785714,10.659646
-1.377551,-1.683673,10.630264
-1.377551,-1.581633,10.600883
-1.377551,-1.479592,10.576491
-1.377551,-1.377551,10.561438
-1.377551,-1.275510,10.546385
-1.377551,-1.173469,10.531332
-1.377551,-1.071429,10.516279
-1.377551,-0.969388,10.501227
-1.377551,-0.867347,10.486174
-1.377551,-0.765306,10.471121
-1.377551,-0.663265,10.456068
-1.377551,-0.561224,10.441015
-1.377551,-0.459184,10.427642
-1.377551,-0.357143,10.427642
-1.377551,-0.255102,10.427642
-1.377551,-0.153061,10.427642
-1.377551,-0.051020,10.427642
-1.377551,0.051020,10.427642
-1.377551,0.153061,10.427642
-1.377551,0.255102,10.427642
-1.377551,0.357143,10.427642
-1.377551,0.459184,10.427642
-1.377551,0.561224,10.432559
-1.377551,0.663265,10.447611
-1.377551,0.765306,10.462664
-1.377551,0.867347,10.477717
-1.377551,0.969388,10.492770
-1.377551,1.071429,10.507823
-1.377551,1.173469,10.522875
-1.377551,1.275510,10.537928
-1.377551,1.377551,10.552981
-1.377551,1.479592,10.568034
-1.377551,1.581633,10.587279
-1.377551,1.683673,10.616660
-1.377551,1.785714,10.646042
-1.377551,1.887755,10.675423
-1.377551,1.989796,10.704804
-1.377551,2.091837,10.734186
-1.377551,2.193878,10.763567
-1.377551,2.295918,10.792948
-1.377551,2.397959,10.822329
-1.377551,2.500000,10.851711
_Enter
_Polyline
-1.275510,-2.500000,10.850624
-1.275510,-2.397959,10.821243
-1.275510,-2.295918,10.791861
-1.275510,-2.193878,10.762480
-1.275510,-2.091837,10.733099
-1.275510,-1.989796,10.703717
-1.275510,-1.887755,10.674336
-1.275510,-1.785714,10.644955
-1.275510,-1.683673,10.615574
-1.275510,-1.581633,10.586192
-1.275510,-1.479592,10.561438
-1.275510,-1.377551,10.546385
-1.275510,-1.275510,10.531332
-1.275510,-1.173469,10.516279
-1.275510,-1.071429,10.501227
-1.275510,-0.969388,10.486174
-1.275510,-0.867347,10.471121
-1.275510,-0.765306,10.456068
-1.275510,-0.663265,10.441015
-1.275510,-0.561224,10.425962
-1.275510,-0.459184,10.412464
-1.275510,-0.357143,10.412464
-1.275510,-0.255102,10.412464
-1.275510,-0.153061,10.412464
-1.275510,-0.051020,10.412464
-1.275510,0.051020,10.412464
-1.275510,0.153061,10.412464
-1.275510,0.255102,10.412464
-1.275510,0.357143,10.412464
-1.275510,0.459184,10.412464
-1.275510,0.561224,10.417506
-1.275510,0.663265,10.432559
-1.275510,0.765306,10.447611
-1.275510,0.867347,10.462664
-1.275510,0.969388,10.477717
-1.275510,1.071429,10.492770
-1.275510,1.173469,10.507823
-1.275510,1.275510,10.522875
-1.275510,1.377551,10.537928
-1.275510,1.479592,10.552981
-1.275510,1.581633,10.572588
-1.275510,1.683673,10.601970
-1.275510,1.785714,10.631351
-1.275510,1.887755,10.660732
-1.275510,1.989796,10.690114
-1.275510,2.091837,10.719495
-1.275510,2.193878,10.748876
-1.275510,2.295918,10.778257
-1.275510,2.397959,10.807639
-1.275510,2.500000,10.837020
_Enter
_Polyline
-1.173469,-2.500000,10.835933
-1.173469,-2.397959,10.806552
-1.173469,-2.295918,10.777171
-1.173469,-2.193878,10.747789
-1.173469,-2.091837,10.718408
-1.173469,-1.989796,10.689027
-1.173469,-1.887755,10.659646
-1.173469,-1.785714,10.630264
-1.173469,-1.683673,10.600883
-1.173469,-1.581633,10.571502
-1.173469,-1.479592,10.546385
-1.173469,-1.377551,10.531332
-1.173469,-1.275510,10.516279
-1.173469,-1.173469,10.501227
-1.173469,-1.071429,10.486174
-1.173469,-0.969388,10.471121
-1.173469,-0.867347,10.456068
-1.173469,-0.765306,10.441015
-1.173469,-0.663265,10.425962
-1.173469,-0.561224,10.410910
-1.173469,-0.459184,10.397286
-1.173469,-0.357143,10.397286
-1.173469,-0.255102,10.397286
-1.173469,-0.153061,10.397286
-1.173469,-0.051020,10.397286
-1.173469,0.051020,10.397286
-1.173469,0.153061,10.397286
-1.173469,0.255102,10.397286
-1.173469,0.357143,10.397286
-1.173469,0.459184,10.397286
-1.173469,0.561224,10.402453
-1.173469,0.663265,10.417506
-1.173469,0.765306,10.432559
-1.173469,0.867347,10.447611
-1.173469,0.969388,10.462664
-1.173469,1.071429,10.477717
-1.173469,1.173469,10.492770
-1.173469,1.275510,10.507823
-1.173469,1.377551,10.522875
-1.173469,1.479592,10.537928
-1.173469,1.581633,10.557898
-1.173469,1.683673,10.587279
-1.173469,1.785714,10.616660
-1.173469,1.887755,10.646042
-1.173469,1.989796,10.675423
-1.173469,2.091837,10.704804
-1.173469,2.193878,10.734186
-1.173469,2.295918,10.763567
-1.173469,2.397959,10.792948
-1.173469,2.500000,10.822329
_Enter
_Polyline
-1.071429,-2.500000,10.821243
-1.071429,-2.397959,10.791861
-1.071429,-2.295918,10.762480
-1.071429,-2.193878,10.733099
-1.071429,-2.091837,10.703717
-1.071429,-1.989796,10.674336
-1.071429,-1.887755,10.644955
-1.071429,-1.785714,10.615574
-1.071429,-1.683673,10.586192
-1.071429,-1.581633,10.556811
-1.071429,-1.479592,10.531332
-1.071429,-1.377551,10.516279
-1.071429,-1.275510,10.501227
-1.071429,-1.173469,10.486174
-1.071429,-1.071429,10.471121
-1.071429,-0.969388,10.456068
-1.071429,-0.867347,10.441015
-1.071429,-0.765306,10.425962
-1.071429,-0.663265,10.410910
-1.071429,-0.561224,10.395857
-1.071429,-0.459184,10.382108
-1.071429,-0.357143,10.382108
-1.071429,-0.255102,10.382108
-1.071429,-0.153061,10.382108
-1.071429,-0.051020,10.382108
-1.071429,0.051020,10.382108
-1.071429,0.153061,10.382108
-1.071429,0.255102,10.382108
-1.071429,0.357143,10.382108
-1.071429,0.459184,10.382108
-1.071429,0.561224,10.387400
-1.071429,0.663265,10.402453
-1.071429,0.765306,10.417506
-1.071429,0.867347,10.432559
-1.071429,0.969388,10.447611
-1.071429,1.071429,10.462664
-1.071429,1.173469,10.477717
-1.071429,1.275510,10.492770
-1.071429,1.377551,10.507823
-1.071429,1.479592,10.522875
-1.071429,1.581633,10.543207
-1.071429,1.683673,10.572588
-1.071429,1.785714,10.601970
-1.071429,1.887755,10.631351
-1.071429,1.989796,10.660732
-1.071429,2.091837,10.690114
-1.071429,2.193878,10.719495
-1.071429,2.295918,10.748876
-1.071429,2.397959,10.778257
-1.071429,2.500000,10.807639
_Enter
_Polyline
-0.969388,-2.500000,10.806552
-0.969388,-2.397959,10.777171
-0.969388,-2.295918,10.747789
-0.969388,-2.193878,10.718408
-0.969388,-2.091837,10.689027
-0.969388,-1.989796,10.659646
-0.969388,-1.887755,10.630264
-0.969388,-1.785714,10.600883
-0.969388,-1.683673,10.571502
-0.969388,-1.581633,10.542120
-0.969388,-1.479592,10.516279
-0.969388,-1.377551,10.501227
-0.969388,-1.275510,10.486174
-0.969388,-1.173469,10.471121
-0.969388,-1.071429,10.456068
-0.969388,-0.969388,10.441015
-0.969388,-0.867347,10.425962
-0.969388,-0.765306,10.410910
-0.969388,-0.663265,10.395857
-0.969388,-0.561224,10.380804
-0.969388,-0.459184,10.366929
-0.969388,-0.357143,10.366929
-0.969388,-0.255102,10.366929
-0.969388,-0.153061,10.366929
-0.969388,-0.051020,10.366929
-0.969388,0.051020,10.366929
-0.969388,0.153061,10.366929
-0.969388,0.255102,10.366929
-0.969388,0.357143,10.366929
-0.969388,0.459184,10.366929
-0.969388,0.561224,10.372347
-0.969388,0.663265,10.387400
-0.969388,0.765306,10.402453
-0.969388,0.867347,10.417506
-0.969388,0.969388,10.432559
-0.969388,1.071429,10.447611
-0.969388,1.173469,10.462664
-0.969388,1.275510,10.477717
-0.969388,1.377551,10.492770
-0.969388,1.479592,10.507823
-0.969388,1.581633,10.528516
-0.969388,1.683673,10.557898
-0.969388,1.785714,10.587279
-0.969388,1.887755,10.616660
-0.969388,1.989796,10.646042
-0.969388,2.091837,10.675423
-0.969388,2.193878,10.704804
-0.969388,2.295918,10.734186
-0.969388,2.397959,10.763567
-0.969388,2.500000,10.792948
_Enter
_Polyline
-0.867347,-2.500000,10.791861
-0.867347,-2.397959,10.762480
-0.867347,-2.295918,10.733099
-0.867347,-2.193878,10.703717
-0.867347,-2.091837,10.674336
-0.867347,-1.989796,10.644955
-0.867347,-1.887755,10.615574
-0.867347,-1.785714,10.586192
-0.867347,-1.683673,10.556811
-0.867347,-1.581633,10.527430
-0.867347,-1.479592,10.501227
-0.867347,-1.377551,10.486174
-0.867347,-1.275510,10.471121
-0.867347,-1.173469,10.456068
-0.867347,-1.071429,10.441015
-0.867347,-0.969388,10.425962
-0.867347,-0.867347,10.410910
-0.867347,-0.765306,10.395857
-0.867347,-0.663265,10.380804
-0.867347,-0.561224,10.365751
-0.867347,-0.459184,10.351751
-0.867347,-0.357143,10.351751
-0.867347,-0.255102,10.351751
-0.867347,-0.153061,10.351751
-0.867347,-0.051020,10.351751
-0.867347,0.051020,10.351751
-0.867347,0.153061,10.351751
-0.867347,0.255102,10.351751
-0.867347,0.357143,10.351751
-0.867347,0.459184,10.351751
-0.867347,0.561224,10.357294
-0.867347,0.663265,10.372347
-0.867347,0.765306,10.387400
-0.867347,0.867347,10.402453
-0.867347,0.969388,10.417506
-0.867347,1.071429,10.432559
-0.867347,1.173469,10.447611
-0.867347,1.275510,10.462664
-0.867347,1.377551,10.477717
-0.867347,1.479592,10.492770
-0.867347,1.581633,10.513826
-0.867347,1.683673,10.543207
-0.867347,1.785714,10.572588
-0.867347,1.887755,10.601970
-0.867347,1.989796,10.631351
-0.867347,2.091837,10.660732
-0.867347,2.193878,10.690114
-0.867347,2.295918,10.719495
-0.867347,2.397959,10.748876
-0.867347,2.500000,10.778257
_Enter
_Polyline
-0.765306,-2.500000,10.777171
-0.765306,-2.397959,10.747789
-0.765306,-2.295918,10.718408
-0.765306,-2.193878,10.689027
-0.765306,-2.091837,10.659646
-0.765306,-1.989796,10.630264
-0.765306,-1.887755,10.600883
-0.765306,-1.785714,10.571502
-0.765306,-1.683673,10.542120
-0.765306,-1.581633,10.512739
-0.765306,-1.479592,10.486174
-0.765306,-1.377551,10.471121
-0.765306,-1.275510,10.456068
-0.765306,-1.173469,10.441015
-0.765306,-1.071429,10.425962
-0.765306,-0.969388,10.410910
-0.765306,-0.867347,10.395857
-0.765306,-0.765306,10.380804
-0.765306,-0.663265,10.365751
-0.765306,-0.561224,10.350698
-0.765306,-0.459184,10.336573
-0.765306,-0.357143,10.336573
-0.765306,-0.255102,10.336573
-0.765306,-0.153061,10.336573
-0.765306,-0.051020,10.336573
-0.765306,0.051020,10.336573
-0.765306,0.153061,10.336573
-0.765306,0.255102,10.336573
-0.765306,0.357143,10.336573
-0.765306,0.459184,10.336573
-0.765306,0.561224,10.342242
-0.765306,0.663265,10.357294
-0.765306,0.765306,10.372347
-0.765306,0.867347,10.387400
-0.765306,0.969388,10.402453
-0.765306,1.071429,10.417506
-0.765306,1.173469,10.432559
-0.765306,1.275510,10.447611
-0.765306,1.377551,10.462664
-0.765306,1.479592,10.477717
-0.765306,1.581633,10.499135
-0.765306,1.683673,10.528516
-0.765306,1.785714,10.557898
-0.765306,1.887755,10.587279
-0.765306,1.989796,10.616660
-0.765306,2.091837,10.646042
-0.765306,2.193878,10.675423
-0.765306,2.295918,10.704804
-0.765306,2.397959,10.734186
-0.765306,2.500000,10.763567
_Enter
_Polyline
-0.663265,-2.500000,10.762480
-0.663265,-2.397959,10.733099
-0.663265,-2.295918,10.703717
-0.663265,-2.193878,10.674336
-0.663265,-2.091837,10.644955
-0.663265,-1.989796,10.615574
-0.663265,-1.887755,10.586192
-0.663265,-1.785714,10.556811
-0.663265,-1.683673,10.527430
-0.663265,-1.581633,10.498048
-0.663265,-1.479592,10.471121
-0.663265,-1.377551,10.456068
-0.663265,-1.275510,10.441015
-0.663265,-1.173469,10.425962
-0.663265,-1.071429,10.410910
-0.663265,-0.969388,10.395857
-0.663265,-0.867347,10.380804
-0.663265,-0.765306,10.365751
-0.663265,-0.663265,10.350698
-0.663265,-0.561224,10.335646
-0.663265,-0.459184,10.321395
-0.663265,-0.357143,10.321395
-0.663265,-0.255102,10.321395
-0.663265,-0.153061,10.321395
-0.663265,-0.051020,10.321395
-0.663265,0.051020,10.321395
-0.663265,0.153061,10.321395
-0.663265,0.255102,10.321395
-0.663265,0.357143,10.321395
-0.663265,0.459184,10.321395
-0.663265,0.561224,10.327189
-0.663265,0.663265,10.342242
-0.663265,0.765306,10.357294
-0.663265,0.867347,10.372347
-0.663265,0.969388,10.387400
-0.663265,1.071429,10.402453
-0.663265,1.173469,10.417506
-0.663265,1.275510,10.432559
-0.663265,1.377551,10.447611
-0.663265,1.479592,10.462664
-0.663265,1.581633,10.484444
-0.663265,1.683673,10.513826
-0.663265,1.785714,10.543207
-0.663265,1.887755,10.572588
-0.663265,1.989796,10.601970
-0.663265,2.091837,10.631351
-0.663265,2.193878,10.660732
-0.663265,2.295918,10.690114
-0.663265,2.397959,10.719495
-0.663265,2.500000,10.748876
_Enter
_Polyline
-0.561224,-2.500000,10.747789
-0.561224,-2.397959,10.718408
-0.561224,-2.295918,10.689027
-0.561224,-2.193878,10.659646
-0.561224,-2.091837,10.630264
-0.561224,-1.989796,10.600883
-0.561224,-1.887755,10.571502
-0.561224,-1.785714,10.542120
-0.561224,-1.683673,10.512739
-0.561224,-1.581633,10.483358
-0.561224,-1.479592,10.456068
-0.561224,-1.377551,10.441015
-0.561224,-1.275510,10.425962
-0.561224,-1.173469,10.410910
-0.561224,-1.071429,10.395857
-0.561224,-0.969388,10.380804
-0.561224,-0.867347,10.365751
-0.561224,-0.765306,10.350698
-0.561224,-0.663265,10.335646
-0.561224,-0.561224,10.320593
-0.561224,-0.459184,10.306216
-0.561224,-0.357143,10.306216
-0.561224,-0.255102,10.306216
-0.561224,-0.153061,10.306216
-0.561224,-0.051020,10.306216
-0.561224,0.051020,10.306216
-0.561224,0.153061,10.306216
-0.561224,0.255102,10.306216
-0.561224,0.357143,10.306216
-0.561224,0.459184,10.306216
-0.561224,0.561224,10.312136
-0.561224,0.663265,10.327189
-0.561224,0.765306,10.342242
-0.561224,0.867347,10.357294
-0.561224,0.969388,10.372347
-0.561224,1.071429,10.387400
-0.561224,1.173469,10.402453
-0.561224,1.275510,10.417506
-0.561224,1.377551,10.432559
-0.561224,1.479592,10.447611
-0.561224,1.581633,10.469754
-0.561224,1.683673,10.499135
-0.561224,1.785714,10.528516
-0.561224,1.887755,10.557898
-0.561224,1.989796,10.587279
-0.561224,2.091837,10.616660
-0.561224,2.193878,10.646042
-0.561224,2.295918,10.675423
-0.561224,2.397959,10.704804
-0.561224,2.500000,10.734186
_Enter
_Polyline
-0.459184,-2.500000,10.735019
-0.459184,-2.397959,10.705401
-0.459184,-2.295918,10.675783
-0.459184,-2.193878,10.646165
-0.459184,-2.091837,10.616547
-0.459184,-1.989796,10.586929
-0.459184,-1.887755,10.557310
-0.459184,-1.785714,10.527692
-0.459184,-1.683673,10.498074
-0.459184,-1.581633,10.468667
-0.459184,-1.479592,10.442153
-0.459184,-1.377551,10.426975
-0.459184,-1.275510,10.411797
-0.459184,-1.173469,10.396618
-0.459184,-1.071429,10.381440
-0.459184,-0.969388,10.366262
-0.459184,-0.867347,10.351084
-0.459184,-0.765306,10.335905
-0.459184,-0.663265,10.320727
-0.459184,-0.561224,10.305549
-0.459184,-0.459184,10.291251
-0.459184,-0.357143,10.291251
-0.459184,-0.255102,10.291251
-0.459184,-0.153061,10.291251
-0.459184,-0.051020,10.291251
-0.459184,0.051020,10.291251
-0.459184,0.153061,10.291251
-0.459184,0.255102,10.291251
-0.459184,0.357143,10.291251
-0.459184,0.459184,10.291251
-0.459184,0.561224,10.297161
-0.459184,0.663265,10.312339
-0.459184,0.765306,10.327518
-0.459184,0.867347,10.342696
-0.459184,0.969388,10.357874
-0.459184,1.071429,10.373052
-0.459184,1.173469,10.388230
-0.459184,1.275510,10.403409
-0.459184,1.377551,10.418587
-0.459184,1.479592,10.433765
-0.459184,1.581633,10.455089
-0.459184,1.683673,10.484708
-0.459184,1.785714,10.514326
-0.459184,1.887755,10.543944
-0.459184,1.989796,10.573562
-0.459184,2.091837,10.603180
-0.459184,2.193878,10.632799
-0.459184,2.295918,10.662417
-0.459184,2.397959,10.692035
-0.459184,2.500000,10.721653
_Enter
_Polyline
-0.357143,-2.500000,10.735019
-0.357143,-2.397959,10.705401
-0.357143,-2.295918,10.675783
-0.357143,-2.193878,10.646165
-0.357143,-2.091837,10.616547
-0.357143,-1.989796,10.586929
-0.357143,-1.887755,10.557310
-0.357143,-1.785714,10.527692
-0.357143,-1.683673,10.498074
-0.357143,-1.581633,10.468456
-0.357143,-1.479592,10.442153
-0.357143,-1.377551,10.426975
-0.357143,-1.275510,10.411797
-0.357143,-1.173469,10.396618
-0.357143,-1.071429,10.381440
-0.357143,-0.969388,10.366262
-0.357143,-0.867347,10.351084
-0.357143,-0.765306,10.335905
-0.357143,-0.663265,10.320727
-0.357143,-0.561224,10.305549
-0.357143,-0.459184,10.291251
-0.357143,-0.357143,10.291251
-0.357143,-0.255102,10.291251
-0.357143,-0.153061,10.291251
-0.357143,-0.051020,10.291251
-0.357143,0.051020,10.291251
-0.357143,0.153061,10.291251
-0.357143,0.255102,10.291251
-0.357143,0.357143,10.291251
-0.357143,0.459184,10.291251
-0.357143,0.561224,10.297161
-0.357143,0.663265,10.312339
-0.357143,0.765306,10.327518
-0.357143,0.867347,10.342696
-0.357143,0.969388,10.357874
-0.357143,1.071429,10.373052
-0.357143,1.173469,10.388230
-0.357143,1.275510,10.403409
-0.357143,1.377551,10.418587
-0.357143,1.479592,10.433765
-0.357143,1.581633,10.455089
-0.357143,1.683673,10.484708
-0.357143,1.785714,10.514326
-0.357143,1.887755,10.543944
-0.357143,1.989796,10.573562
-0.357143,2.091837,10.603180
-0.357143,2.193878,10.632799
-0.357143,2.295918,10.662417
-0.357143,2.397959,10.692035
-0.357143,2.500000,10.721653
_Enter
_Polyline
-0.255102,-2.500000,10.735019
-0.255102,-2.397959,10.705401
-0.255102,-2.295918,10.675783
-0.255102,-2.193878,10.646165
-0.255102,-2.091837,10.616547
-0.255102,-1.989796,10.586929
-0.255102,-1.887755,10.557310
-0.255102,-1.785714,10.527692
-0.255102,-1.683673,10.498074
-0.255102,-1.581633,10.468456
-0.255102,-1.479592,10.442153
-0.255102,-1.377551,10.426975
-0.255102,-1.275510,10.411797
-0.255102,-1.173469,10.396618
-0.255102,-1.071429,10.381440
-0.255102,-0.969388,10.366262
-0.255102,-0.867347,10.351084
-0.255102,-0.765306,10.335905
-0.255102,-0.663265,10.320727
-0.255102,-0.561224,10.305549
-0.255102,-0.459184,10.291251
-0.255102,-0.357143,10.291251
-0.255102,-0.255102,10.291251
-0.255102,-0.153061,10.291251
-0.255102,-0.051020,10.291251
-0.255102,0.051020,10.291251
-0.255102,0.153061,10.291251
-0.255102,0.255102,10.291251
-0.255102,0.357143,10.291251
-0.255102,0.459184,10.291251
-0.255102,0.561224,10.297161
-0.255102,0.663265,10.312339
-0.255102,0.765306,10.327518
-0.255102,0.867347,10.342696
-0.255102,0.969388,10.357874
-0.255102,1.071429,10.373052
-0.255102,1.173469,10.388230
-0.255102,1.275510,10.403409
-0.255102,1.377551,10.418587
-0.255102,1.479592,10.433765
-0.255102,1.581633,10.455089
-0.255102,1.683673,10.484708
-0.255102,1.785714,10.514326
-0.255102,1.887755,10.543944
-0.255102,1.989796,10.573562
-0.255102,2.091837,10.603180
-0.255102,2.193878,10.632799
-0.255102,2.295918,10.662417
-0.255102,2.397959,10.692035
-0.255102,2.500000,10.721653
_Enter
_Polyline
-0.153061,-2.500000,10.735019
-0.153061,-2.397959,10.705401
-0.153061,-2.295918,10.675783
-0.153061,-2.193878,10.646165
-0.153061,-2.091837,10.616547
-0.153061,-1.989796,10.586929
-0.153061,-1.887755,10.557310
-0.153061,-1.785714,10.527692
-0.153061,-1.683673,10.498074
-0.153061,-1.581633,10.468456
-0.153061,-1.479592,10.442153
-0.153061,-1.377551,10.426975
-0.153061,-1.275510,10.411797
-0.153061,-1.173469,10.396618
-0.153061,-1.071429,10.381440
-0.153061,-0.969388,10.366262
-0.153061,-0.867347,10.351084
-0.153061,-0.765306,10.335905
-0.153061,-0.663265,10.320727
-0.153061,-0.561224,10.305549
-0.153061,-0.459184,10.291251
-0.153061,-0.357143,10.291251
-0.153061,-0.255102,10.291251
-0.153061,-0.153061,10.291251
-0.153061,-0.051020,10.291251
-0.153061,0.051020,10.291251
-0.153061,0.153061,10.291251
-0.153061,0.255102,10.291251
-0.153061,0.357143,10.291251
-0.153061,0.459184,10.291251
-0.153061,0.561224,10.297161
-0.153061,0.663265,10.312339
-0.153061,0.765306,10.327518
-0.153061,0.867347,10.342696
-0.153061,0.969388,10.357874
-0.153061,1.071429,10.373052
-0.153061,1.173469,10.388230
-0.153061,1.275510,10.403409
-0.153061,1.377551,10.418587
-0.153061,1.479592,10.433765
-0.153061,1.581633,10.455089
-0.153061,1.683673,10.484708
-0.153061,1.785714,10.514326
-0.153061,1.887755,10.543944
-0.153061,1.989796,10.573562
-0.153061,2.091837,10.603180
-0.153061,2.193878,10.632799
-0.153061,2.295918,10.662417
-0.153061,2.397959,10.692035
-0.153061,2.500000,10.721653
_Enter
_Polyline
-0.051020,-2.500000,10.735019
-0.051020,-2.397959,10.705401
-0.051020,-2.295918,10.675783
-0.051020,-2.193878,10.646165
-0.051020,-2.091837,10.616547
-0.051020,-1.989796,10.586929
-0.051020,-1.887755,10.557310
-0.051020,-1.785714,10.527692
-0.051020,-1.683673,10.498074
-0.051020,-1.581633,10.468456
-0.051020,-1.479592,10.442153
-0.051020,-1.377551,10.426975
-0.051020,-1.275510,10.411797
-0.051020,-1.173469,10.396618
-0.051020,-1.071429,10.381440
-0.051020,-0.969388,10.366262
-0.051020,-0.867347,10.351084
-0.051020,-0.765306,10.335905
-0.051020,-0.663265,10.320727
-0.051020,-0.561224,10.305549
-0.051020,-0.459184,10.291251
-0.051020,-0.357143,10.291251
-0.051020,-0.255102,10.291251
-0.051020,-0.153061,10.291251
-0.051020,-0.051020,10.291251
-0.051020,0.051020,10.291251
-0.051020,0.153061,10.291251
-0.051020,0.255102,10.291251
-0.051020,0.357143,10.291251
-0.051020,0.459184,10.291251
-0.051020,0.561224,10.297161
-0.051020,0.663265,10.312339
-0.051020,0.765306,10.327518
-0.051020,0.867347,10.342696
-0.051020,0.969388,10.357874
-0.051020,1.071429,10.373052
-0.051020,1.173469,10.388230
-0.051020,1.275510,10.403409
-0.051020,1.377551,10.418587
-0.051020,1.479592,10.433765
-0.051020,1.581633,10.455089
-0.051020,1.683673,10.484708
-0.051020,1.785714,10.514326
-0.051020,1.887755,10.543944
-0.051020,1.989796,10.573562
-0.051020,2.091837,10.603180
-0.051020,2.193878,10.632799
-0.051020,2.295918,10.662417
-0.051020,2.397959,10.692035
-0.051020,2.500000,10.721653
_Enter
_Polyline
0.051020,-2.500000,10.735019
0.051020,-2.397959,10.705401
0.051020,-2.295918,10.675783
0.051020,-2.193878,10.646165
0.051020,-2.091837,10.616547
0.051020,-1.989796,10.586929
0.051020,-1.887755,10.557310
0.051020,-1.785714,10.527692
0.051020,-1.683673,10.498074
0.051020,-1.581633,10.468456
0.051020,-1.479592,10.442153
0.051020,-1.377551,10.426975
0.051020,-1.275510,10.411797
0.051020,-1.173469,10.396618
0.051020,-1.071429,10.381440
0.051020,-0.969388,10.366262
0.051020,-0.867347,10.351084
0.051020,-0.765306,10.335905
0.051020,-0.663265,10.320727
0.051020,-0.561224,10.305549
0.051020,-0.459184,10.291251
0.051020,-0.357143,10.291251
0.051020,-0.255102,10.291251
0.051020,-0.153061,10.291251
0.051020,-0.051020,10.291251
0.051020,0.051020,10.291251
0.051020,0.153061,10.291251
0.051020,0.255102,10.291251
0.051020,0.357143,10.291251
0.051020,0.459184,10.291251
0.051020,0.561224,10.297161
0.051020,0.663265,10.312339
0.051020,0.765306,10.327518
0.051020,0.867347,10.342696
0.051020,0.969388,10.357874
0.051020,1.071429,10.373052
0.051020,1.173469,10.388230
0.051020,1.275510,10.403409
0.051020,1.377551,10.418587
0.051020,1.479592,10.433765
0.051020,1.581633,10.455089
0.051020,1.683673,10.484708
0.051020,1.785714,10.514326
0.051020,1.887755,10.543944
0.051020,1.989796,10.573562
0.051020,2.091837,10.603180
0.051020,2.193878,10.632799
0.051020,2.295918,10.662417
0.051020,2.397959,10.692035
0.051020,2.500000,10.721653
_Enter
_Polyline
0.153061,-2.500000,10.735019
0.153061,-2.397959,10.705401
0.153061,-2.295918,10.675783
0.153061,-2.193878,10.646165
0.153061,-2.091837,10.616547
0.153061,-1.989796,10.586929
0.153061,-1.887755,10.557310
0.153061,-1.785714,10.527692
0.153061,-1.683673,10.498074
0.153061,-1.581633,10.468456
0.153061,-1.479592,10.442153
0.153061,-1.377551,10.426975
0.153061,-1.275510,10.411797
0.153061,-1.173469,10.396618
0.153061,-1.071429,10.381440
0.153061,-0.969388,10.366262
0.153061,-0.867347,10.351084
0.153061,-0.765306,10.335905
0.153061,-0.663265,10.320727
0.153061,-0.561224,10.305549
0.153061,-0.459184,10.291251
0.153061,-0.357143,10.291251
0.153061,-0.255102,10.291251
0.153061,-0.153061,10.291251
0.153061,-0.051020,10.291251
0.153061,0.051020,10.291251
0.153061,0.153061,10.291251
0.153061,0.255102,10.291251
0.153061,0.357143,10.291251
0.153061,0.459184,10.291251
0.153061,0.561224,10.297161
0.153061,0.663265,10.312339
0.153061,0.765306,10.327518
0.153061,0.867347,10.342696
0.153061,0.969388,10.357874
0.153061,1.071429,10.373052
0.153061,1.173469,10.388230
0.153061,1.275510,10.403409
0.153061,1.377551,10.418587
0.153061,1.479592,10.433765
0.153061,1.581633,10.455089
0.153061,1.683673,10.484708
0.153061,1.785714,10.514326
0.153061,1.887755,10.543944
0.153061,1.989796,10.573562
0.153061,2.091837,10.603180
0.153061,2.193878,10.632799
0.153061,2.295918,10.662417
0.153061,2.397959,10.692035
0.153061,2.500000,10.721653
_Enter
_Polyline
0.255102,-2.500000,10.735019
0.255102,-2.397959,10.705401
0.255102,-2.295918,10.675783
0.255102,-2.193878,10.646165
0.255102,-2.091837,10.616547
0.255102,-1.989796,10.586929
0.255102,-1.887755,10.557310
0.255102,-1.785714,10.527692
0.255102,-1.683673,10.498074
0.255102,-1.581633,10.468456
0.255102,-1.479592,10.442153
0.255102,-1.377551,10.426975
0.255102,-1.275510,10.411797
0.255102,-1.173469,10.396618
0.255102,-1.071429,10.381440
0.255102,-0.969388,10.366262
0.255102,-0.867347,10.351084
0.255102,-0.765306,10.335905
0.255102,-0.663265,10.320727
0.255102,-0.561224,10.305549
0.255102,-0.459184,10.291251
0.255102,-0.357143,10.291251
0.255102,-0.255102,10.291251
0.255102,-0.153061,10.291251
0.255102,-0.051020,10.291251
0.255102,0.051020,10.291251
0.255102,0.153061,10.291251
0.255102,0.255102,10.291251
0.255102,0.357143,10.291251
0.255102,0.459184,10.291251
0.255102,0.561224,10.297161
0.255102,0.663265,10.312339
0.255102,0.765306,10.327518
0.255102,0.867347,10.342696
0.255102,0.969388,10.357874
0.255102,1.071429,10.373052
0.255102,1.173469,10.388230
0.255102,1.275510,10.403409
0.255102,1.377551,10.418587
0.255102,1.479592,10.433765
0.255102,1.581633,10.455089
0.255102,1.683673,10.484708
0.255102,1.785714,10.514326
0.255102,1.887755,10.543944
0.255102,1.989796,10.573562
0.255102,2.091837,10.603180
0.255102,2.193878,10.632799
0.255102,2.295918,10.662417
0.255102,2.397959,10.692035
0.255102,2.500000,10.721653
_Enter
_Polyline
0.357143,-2.500000,10.735019
0.357143,-2.397959,10.705401
0.357143,-2.295918,10.675783
0.357143,-2.193878,10.646165
0.357143,-2.091837,10.616547
0.357143,-1.989796,10.586929
0.357143,-1.887755,10.557310
0.357143,-1.785714,10.527692
0.357143,-1.683673,10.498074
0.357143,-1.581633,10.468456
0.357143,-1.479592,10.442153
0.357143,-1.377551,10.426975
0.357143,-1.275510,10.411797
0.357143,-1.173469,10.396618
0.357143,-1.071429,10.381440
0.357143,-0.969388,10.366262
0.357143,-0.867347,10.351084
0.357143,-0.765306,10.335905
0.357143,-0.663265,10.320727
0.357143,-0.561224,10.305549
0.357143,-0.459184,10.291251
0.357143,-0.357143,10.291251
0.357143,-0.255102,10.291251
0.357143,-0.153061,10.291251
0.357143,-0.051020,10.291251
0.357143,0.051020,10.291251
0.357143,0.153061,10.291251
0.357143,0.255102,10.291251
0.357143,0.357143,10.291251
0.357143,0.459184,10.291251
0.357143,0.561224,10.297161
0.357143,0.663265,10.312339
0.357143,0.765306,10.327518
0.357143,0.867347,10.342696
0.357143,0.969388,10.357874
0.357143,1.071429,10.373052
0.357143,1.173469,10.388230
0.357143,1.275510,10.403409
0.357143,1.377551,10.418587
0.357143,1.479592,10.433765
0.357143,1.581633,10.455089
0.357143,1.683673,10.484708
0.357143,1.785714,10.514326
0.357143,1.887755,10.543944
0.357143,1.989796,10.573562
0.357143,2.091837,10.603180
0.357143,2.193878,10.632799
0.357143,2.295918,10.662417
0.357143,2.397959,10.692035
0.357143,2.500000,10.721653
_Enter
_Polyline
0.459184,-2.500000,10.735019
0.459184,-2.397959,10.705401
0.459184,-2.295918,10.675783
0.459184,-2.193878,10.646165
0.459184,-2.091837,10.616547
0.459184,-1.989796,10.586929
0.459184,-1.887755,10.557310
0.459184,-1.785714,10.527692
0.459184,-1.683673,10.498074
0.459184,-1.581633,10.468456
0.459184,-1.479592,10.442153
0.459184,-1.377551,10.426975
0.459184,-1.275510,10.411797
0.459184,-1.173469,10.396618
0.459184,-1.071429,10.381440
0.459184,-0.969388,10.366262
0.459184,-0.867347,10.351084
0.459184,-0.765306,10.335905
0.459184,-0.663265,10.320727
0.459184,-0.561224,10.305549
0.459184,-0.459184,10.291251
0.459184,-0.357143,10.291251
0.459184,-0.255102,10.291251
0.459184,-0.153061,10.291251
0.459184,-0.051020,10.291251
0.459184,0.051020,10.291251
0.459184,0.153061,10.291251
0.459184,0.255102,10.291251
0.459184,0.357143,10.291251
0.459184,0.459184,10.291251
0.459184,0.561224,10.297161
0.459184,0.663265,10.312339
0.459184,0.765306,10.327518
0.459184,0.867347,10.342696
0.459184,0.969388,10.357874
0.459184,1.071429,10.373052
0.459184,1.173469,10.388230
0.459184,1.275510,10.403409
0.459184,1.377551,10.418587
0.459184,1.479592,10.433765
0.459184,1.581633,10.455089
0.459184,1.683673,10.484708
0.459184,1.785714,10.514326
0.459184,1.887755,10.543944
0.459184,1.989796,10.573562
0.459184,2.091837,10.603180
0.459184,2.193878,10.632799
0.459184,2.295918,10.662417
0.459184,2.397959,10.692035
0.459184,2.500000,10.721653
_Enter
_Polyline
0.561224,-2.500000,10.735019
0.561224,-2.397959,10.705457
0.561224,-2.295918,10.676076
0.561224,-2.193878,10.646695
0.561224,-2.091837,10.617313
0.561224,-1.989796,10.587932
0.561224,-1.887755,10.558551
0.561224,-1.785714,10.529169
0.561224,-1.683673,10.499788
0.561224,-1.581633,10.470407
0.561224,-1.479592,10.442267
0.561224,-1.377551,10.427214
0.561224,-1.275510,10.412162
0.561224,-1.173469,10.397109
0.561224,-1.071429,10.382056
0.561224,-0.969388,10.367003
0.561224,-0.867347,10.351950
0.561224,-0.765306,10.336898
0.561224,-0.663265,10.321845
0.561224,-0.561224,10.306792
0.561224,-0.459184,10.292348
0.561224,-0.357143,10.292348
0.561224,-0.255102,10.292348
0.561224,-0.153061,10.292348
0.561224,-0.051020,10.292348
0.561224,0.051020,10.292348
0.561224,0.153061,10.292348
0.561224,0.255102,10.292348
0.561224,0.357143,10.292348
0.561224,0.459184,10.292348
0.561224,0.561224,10.298306
0.561224,0.663265,10.313358
0.561224,0.765306,10.328411
0.561224,0.867347,10.343464
0.561224,0.969388,10.358517
0.561224,1.071429,10.373570
0.561224,1.173469,10.388623
0.561224,1.275510,10.403675
0.561224,1.377551,10.418728
0.561224,1.479592,10.433781
0.561224,1.581633,10.457274
0.561224,1.683673,10.486656
0.561224,1.785714,10.516037
0.561224,1.887755,10.545418
0.561224,1.989796,10.574799
0.561224,2.091837,10.604181
0.561224,2.193878,10.633562
0.561224,2.295918,10.662943
0.561224,2.397959,10.692325
0.561224,2.500000,10.721706
_Enter
_Polyline
0.663265,-2.500000,10.749529
0.663265,-2.397959,10.720148
0.663265,-2.295918,10.690767
0.663265,-2.193878,10.661385
0.663265,-2.091837,10.632004
0.663265,-1.989796,10.602623
0.663265,-1.887755,10.573241
0.663265,-1.785714,10.543860
0.663265,-1.683673,10.514479
0.663265,-1.581633,10.485097
0.663265,-1.479592,10.457320
0.663265,-1.377551,10.442267
0.663265,-1.275510,10.427214
0.663265,-1.173469,10.412162
0.663265,-1.071429,10.397109
0.663265,-0.969388,10.382056
0.663265,-0.867347,10.367003
0.663265,-0.765306,10.351950
0.663265,-0.663265,10.336898
0.663265,-0.561224,10.321845
0.663265,-0.459184,10.307526
0.663265,-0.357143,10.307526
0.663265,-0.255102,10.307526
0.663265,-0.153061,10.307526
0.663265,-0.051020,10.307526
0.663265,0.051020,10.307526
0.663265,0.153061,10.307526
0.663265,0.255102,10.307526
0.663265,0.357143,10.307526
0.663265,0.459184,10.307526
0.663265,0.561224,10.313358
0.663265,0.663265,10.328411
0.663265,0.765306,10.343464
0.663265,0.867347,10.358517
0.663265,0.969388,10.373570
0.663265,1.071429,10.388623
0.663265,1.173469,10.403675
0.663265,1.275510,10.418728
0.663265,1.377551,10.433781
0.663265,1.479592,10.448834
0.663265,1.581633,10.471965
0.663265,1.683673,10.501346
0.663265,1.785714,10.530728
0.663265,1.887755,10.560109
0.663265,1.989796,10.589490
0.663265,2.091837,10.618871
0.663265,2.193878,10.648253
0.663265,2.295918,10.677634
0.663265,2.397959,10.707015
0.663265,2.500000,10.736397
_Enter
_Polyline
0.765306,-2.500000,10.764220
0.765306,-2.397959,10.734838
0.765306,-2.295918,10.705457
0.765306,-2.193878,10.676076
0.765306,-2.091837,10.646695
0.765306,-1.989796,10.617313
0.765306,-1.887755,10.587932
0.765306,-1.785714,10.558551
0.765306,-1.683673,10.529169
0.765306,-1.581633,10.499788
0.765306,-1.479592,10.472373
0.765306,-1.377551,10.457320
0.765306,-1.275510,10.442267
0.765306,-1.173469,10.427214
0.765306,-1.071429,10.412162
0.765306,-0.969388,10.397109
0.765306,-0.867347,10.382056
0.765306,-0.765306,10.367003
0.765306,-0.663265,10.351950
0.765306,-0.561224,10.336898
0.765306,-0.459184,10.322704
0.765306,-0.357143,10.322704
0.765306,-0.255102,10.322704
0.765306,-0.153061,10.322704
0.765306,-0.051020,10.322704
0.765306,0.051020,10.322704
0.765306,0.153061,10.322704
0.765306,0.255102,10.322704
0.765306,0.357143,10.322704
0.765306,0.459184,10.322704
0.765306,0.561224,10.328411
0.765306,0.663265,10.343464
0.765306,0.765306,10.358517
0.765306,0.867347,10.373570
0.765306,0.969388,10.388623
0.765306,1.071429,10.403675
0.765306,1.173469,10.418728
0.765306,1.275510,10.433781
0.765306,1.377551,10.448834
0.765306,1.479592,10.463887
0.765306,1.581633,10.486656
0.765306,1.683673,10.516037
0.765306,1.785714,10.545418
0.765306,1.887755,10.574799
0.765306,1.989796,10.604181
0.765306,2.091837,10.633562
0.765306,2.193878,10.662943
0.765306,2.295918,10.692325
0.765306,2.397959,10.721706
0.765306,2.500000,10.751087
_Enter
_Polyline
0.867347,-2.500000,10.778910
0.867347,-2.397959,10.749529
0.867347,-2.295918,10.720148
0.867347,-2.193878,10.690767
0.867347,-2.091837,10.661385
0.867347,-1.989796,10.632004
0.867347,-1.887755,10.602623
0.867347,-1.785714,10.573241
0.867347,-1.683673,10.543860
0.867347,-1.581633,10.514479
0.867347,-1.479592,10.487426
0.867347,-1.377551,10.472373
0.867347,-1.275510,10.457320
0.867347,-1.173469,10.442267
0.867347,-1.071429,10.427214
0.867347,-0.969388,10.412162
0.867347,-0.867347,10.397109
0.867347,-0.765306,10.382056
0.867347,-0.663265,10.367003
0.867347,-0.561224,10.351950
0.867347,-0.459184,10.337882
0.867347,-0.357143,10.337882
0.867347,-0.255102,10.337882
0.867347,-0.153061,10.337882
0.867347,-0.051020,10.337882
0.867347,0.051020,10.337882
0.867347,0.153061,10.337882
0.867347,0.255102,10.337882
0.867347,0.357143,10.337882
0.867347,0.459184,10.337882
0.867347,0.561224,10.343464
0.867347,0.663265,10.358517
0.867347,0.765306,10.373570
0.867347,0.867347,10.388623
0.867347,0.969388,10.403675
0.867347,1.071429,10.418728
0.867347,1.173469,10.433781
0.867347,1.275510,10.448834
0.867347,1.377551,10.463887
0.867347,1.479592,10.478939
0.867347,1.581633,10.501346
0.867347,1.683673,10.530728
0.867347,1.785714,10.560109
0.867347,1.887755,10.589490
0.867347,1.989796,10.618871
0.867347,2.091837,10.648253
0.867347,2.193878,10.677634
0.867347,2.295918,10.707015
0.867347,2.397959,10.736397
0.867347,2.500000,10.765778
_Enter
_Polyline
0.969388,-2.500000,10.793601
0.969388,-2.397959,10.764220
0.969388,-2.295918,10.734838
0.969388,-2.193878,10.705457
0.969388,-2.091837,10.676076
0.969388,-1.989796,10.646695
0.969388,-1.887755,10.617313
0.969388,-1.785714,10.587932
0.969388,-1.683673,10.558551
0.969388,-1.581633,10.529169
0.969388,-1.479592,10.502479
0.969388,-1.377551,10.487426
0.969388,-1.275510,10.472373
0.969388,-1.173469,10.457320
0.969388,-1.071429,10.442267
0.969388,-0.969388,10.427214
0.969388,-0.867347,10.412162
0.969388,-0.765306,10.397109
0.969388,-0.663265,10.382056
0.969388,-0.561224,10.367003
0.969388,-0.459184,10.353061
0.969388,-0.357143,10.353061
0.969388,-0.255102,10.353061
0.969388,-0.153061,10.353061
0.969388,-0.051020,10.353061
0.969388,0.051020,10.353061
0.969388,0.153061,10.353061
0.969388,0.255102,10.353061
0.969388,0.357143,10.353061
0.969388,0.459184,10.353061
0.969388,0.561224,10.358517
0.969388,0.663265,10.373570
0.969388,0.765306,10.388623
0.969388,0.867347,10.403675
0.969388,0.969388,10.418728
0.969388,1.071429,10.433781
0.969388,1.173469,10.448834
0.969388,1.275510,10.463887
0.969388,1.377551,10.478939
0.969388,1.479592,10.493992
0.969388,1.581633,10.516037
0.969388,1.683673,10.545418
0.969388,1.785714,10.574799
0.969388,1.887755,10.604181
0.969388,1.989796,10.633562
0.969388,2.091837,10.662943
0.969388,2.193878,10.692325
0.969388,2.295918,10.721706
0.969388,2.397959,10.751087
0.969388,2.500000,10.780469
_Enter
_Polyline
1.071429,-2.500000,10.808292
1.071429,-2.397959,10.778910
1.071429,-2.295918,10.749529
1.071429,-2.193878,10.720148
1.071429,-2.091837,10.690767
1.071429,-1.989796,10.661385
1.071429,-1.887755,10.632004
1.071429,-1.785714,10.602623
1.071429,-1.683673,10.573241
1.071429,-1.581633,10.543860
1.071429,-1.479592,10.517531
1.071429,-1.377551,10.502479
1.071429,-1.275510,10.487426
1.071429,-1.173469,10.472373
1.071429,-1.071429,10.457320
1.071429,-0.969388,10.442267
1.071429,-0.867347,10.427214
1.071429,-0.765306,10.412162
1.071429,-0.663265,10.397109
1.071429,-0.561224,10.382056
1.071429,-0.459184,10.368239
1.071429,-0.357143,10.368239
1.071429,-0.255102,10.368239
1.071429,-0.153061,10.368239
1.071429,-0.051020,10.368239
1.071429,0.051020,10.368239
1.071429,0.153061,10.368239
1.071429,0.255102,10.368239
1.071429,0.357143,10.368239
1.071429,0.459184,10.368239
1.071429,0.561224,10.373570
1.071429,0.663265,10.388623
1.071429,0.765306,10.403675
1.071429,0.867347,10.418728
1.071429,0.969388,10.433781
1.071429,1.071429,10.448834
1.071429,1.173469,10.463887
1.071429,1.275510,10.478939
1.071429,1.377551,10.493992
1.071429,1.479592,10.509045
1.071429,1.581633,10.530728
1.071429,1.683673,10.560109
1.071429,1.785714,10.589490
1.071429,1.887755,10.618871
1.071429,1.989796,10.648253
1.071429,2.091837,10.677634
1.071429,2.193878,10.707015
1.071429,2.295918,10.736397
1.071429,2.397959,10.765778
1.071429,2.500000,10.795159
_Enter
_Polyline
1.173469,-2.500000,10.822982
1.173469,-2.397959,10.793601
1.173469,-2.295918,10.764220
1.173469,-2.193878,10.734838
1.173469,-2.091837,10.705457
1.173469,-1.989796,10.676076
1.173469,-1.887755,10.646695
1.173469,-1.785714,10.617313
1.173469,-1.683673,10.587932
1.173469,-1.581633,10.558551
1.173469,-1.479592,10.532584
1.173469,-1.377551,10.517531
1.173469,-1.275510,10.502479
1.173469,-1.173469,10.487426
1.173469,-1.071429,10.472373
1.173469,-0.969388,10.457320
1.173469,-0.867347,10.442267
1.173469,-0.765306,10.427214
1.173469,-0.663265,10.412162
1.173469,-0.561224,10.397109
1.173469,-0.459184,10.383417
1.173469,-0.357143,10.383417
1.173469,-0.255102,10.383417
1.173469,-0.153061,10.383417
1.173469,-0.051020,10.383417
1.173469,0.051020,10.383417
1.173469,0.153061,10.383417
1.173469,0.255102,10.383417
1.173469,0.357143,10.383417
1.173469,0.459184,10.383417
1.173469,0.561224,10.388623
1.173469,0.663265,10.403675
1.173469,0.765306,10.418728
1.173469,0.867347,10.433781
1.173469,0.969388,10.448834
1.173469,1.071429,10.463887
1.173469,1.173469,10.478939
1.173469,1.275510,10.493992
1.173469,1.377551,10.509045
1.173469,1.479592,10.524098
1.173469,1.581633,10.545418
1.173469,1.683673,10.574799
1.173469,1.785714,10.604181
1.173469,1.887755,10.633562
1.173469,1.989796,10.662943
1.173469,2.091837,10.692325
1.173469,2.193878,10.721706
1.173469,2.295918,10.751087
1.173469,2.397959,10.780469
1.173469,2.500000,10.809850
_Enter
_Polyline
1.275510,-2.500000,10.837673
1.275510,-2.397959,10.808292
1.275510,-2.295918,10.778910
1.275510,-2.193878,10.749529
1.275510,-2.091837,10.720148
1.275510,-1.989796,10.690767
1.275510,-1.887755,10.661385
1.275510,-1.785714,10.632004
1.275510,-1.683673,10.602623
1.275510,-1.581633,10.573241
1.275510,-1.479592,10.547637
1.275510,-1.377551,10.532584
1.275510,-1.275510,10.517531
1.275510,-1.173469,10.502479
1.275510,-1.071429,10.487426
1.275510,-0.969388,10.472373
1.275510,-0.867347,10.457320
1.275510,-0.765306,10.442267
1.275510,-0.663265,10.427214
1.275510,-0.561224,10.412162
1.275510,-0.459184,10.398595
1.275510,-0.357143,10.398595
1.275510,-0.255102,10.398595
1.275510,-0.153061,10.398595
1.275510,-0.051020,10.398595
1.275510,0.051020,10.398595
1.275510,0.153061,10.398595
1.275510,0.255102,10.398595
1.275510,0.357143,10.398595
1.275510,0.459184,10.398595
1.275510,0.561224,10.403675
1.275510,0.663265,10.418728
1.275510,0.765306,10.433781
1.275510,0.867347,10.448834
1.275510,0.969388,10.463887
1.275510,1.071429,10.478939
1.275510,1.173469,10.493992
1.275510,1.275510,10.509045
1.275510,1.377551,10.524098
1.275510,1.479592,10.539151
1.275510,1.581633,10.560109
1.275510,1.683673,10.589490
1.275510,1.785714,10.618871
1.275510,1.887755,10.648253
1.275510,1.989796,10.677634
1.275510,2.091837,10.707015
1.275510,2.193878,10.736397
1.275510,2.295918,10.765778
1.275510,2.397959,10.795159
1.275510,2.500000,10.824541
_Enter
_Polyline
1.377551,-2.500000,10.852364
1.377551,-2.397959,10.822982
1.377551,-2.295918,10.793601
1.377551,-2.193878,10.764220
1.377551,-2.091837,10.734838
1.377551,-1.989796,10.705457
1.377551,-1.887755,10.676076
1.377551,-1.785714,10.646695
1.377551,-1.683673,10.617313
1.377551,-1.581633,10.587932
1.377551,-1.479592,10.562690
1.377551,-1.377551,10.547637
1.377551,-1.275510,10.532584
1.377551,-1.173469,10.517531
1.377551,-1.071429,10.502479
1.377551,-0.969388,10.487426
1.377551,-0.867347,10.472373
1.377551,-0.765306,10.457320
1.377551,-0.663265,10.442267
1.377551,-0.561224,10.427214
1.377551,-0.459184,10.413773
1.377551,-0.357143,10.413773
1.377551,-0.255102,10.413773
1.377551,-0.153061,10.413773
1.377551,-0.051020,10.413773
1.377551,0.051020,10.413773
1.377551,0.153061,10.413773
1.377551,0.255102,10.413773
1.377551,0.357143,10.413773
1.377551,0.459184,10.413773
1.377551,0.561224,10.418728
1.377551,0.663265,10.433781
1.377551,0.765306,10.448834
1.377551,0.867347,10.463887
1.377551,0.969388,10.478939
1.377551,1.071429,10.493992
1.377551,1.173469,10.509045
1.377551,1.275510,10.524098
1.377551,1.377551,10.539151
1.377551,1.479592,10.554204
1.377551,1.581633,10.574799
1.377551,1.683673,10.604181
1.377551,1.785714,10.633562
1.377551,1.887755,10.662943
1.377551,1.989796,10.692325
1.377551,2.091837,10.721706
1.377551,2.193878,10.751087
1.377551,2.295918,10.780469
1.377551,2.397959,10.809850
1.377551,2.500000,10.839231
_Enter
_Polyline
1.479592,-2.500000,10.867054
1.479592,-2.397959,10.837673
1.479592,-2.295918,10.808292
1.479592,-2.193878,10.778910
1.479592,-2.091837,10.749529
1.479592,-1.989796,10.720148
1.479592,-1.887755,10.690767
1.479592,-1.785714,10.661385
1.479592,-1.683673,10.632004
1.479592,-1.581633,10.602623
1.479592,-1.479592,10.577743
1.479592,-1.377551,10.562690
1.479592,-1.275510,10.547637
1.479592,-1.173469,10.532584
1.479592,-1.071429,10.517531
1.479592,-0.969388,10.502479
1.479592,-0.867347,10.487426
1.479592,-0.765306,10.472373
1.479592,-0.663265,10.457320
1.479592,-0.561224,10.442267
1.479592,-0.459184,10.428952
1.479592,-0.357143,10.428952
1.479592,-0.255102,10.428952
1.479592,-0.153061,10.428952
1.479592,-0.051020,10.428952
1.479592,0.051020,10.428952
1.479592,0.153061,10.428952
1.479592,0.255102,10.428952
1.479592,0.357143,10.428952
1.479592,0.459184,10.428952
1.479592,0.561224,10.433781
1.479592,0.663265,10.448834
1.479592,0.765306,10.463887
1.479592,0.867347,10.478939
1.479592,0.969388,10.493992
1.479592,1.071429,10.509045
1.479592,1.173469,10.524098
1.479592,1.275510,10.539151
1.479592,1.377551,10.554204
1.479592,1.479592,10.569256
1.479592,1.581633,10.589490
1.479592,1.683673,10.618871
1.479592,1.785714,10.648253
1.479592,1.887755,10.677634
1.479592,1.989796,10.707015
1.479592,2.091837,10.736397
1.479592,2.193878,10.765778
1.479592,2.295918,10.795159
1.479592,2.397959,10.824541
1.479592,2.500000,10.853922
_Enter
_Polyline
1.581633,-2.500000,10.881745
1.581633,-2.397959,10.852364
1.581633,-2.295918,10.823631
1.581633,-2.193878,10.794935
1.581633,-2.091837,10.766238
1.581633,-1.989796,10.737542
1.581633,-1.887755,10.708845
1.581633,-1.785714,10.680148
1.581633,-1.683673,10.651452
1.581633,-1.581633,10.622755
1.581633,-1.479592,10.594059
1.581633,-1.377551,10.578788
1.581633,-1.275510,10.564098
1.581633,-1.173469,10.549407
1.581633,-1.071429,10.534716
1.581633,-0.969388,10.520026
1.581633,-0.867347,10.505335
1.581633,-0.765306,10.490644
1.581633,-0.663265,10.475954
1.581633,-0.561224,10.461263
1.581633,-0.459184,10.446573
1.581633,-0.357143,10.446543
1.581633,-0.255102,10.446543
1.581633,-0.153061,10.446543
1.581633,-0.051020,10.446543
1.581633,0.051020,10.446543
1.581633,0.153061,10.446543
1.581633,0.255102,10.446543
1.581633,0.357143,10.446543
1.581633,0.459184,10.446543
1.581633,0.561224,10.452157
1.581633,0.663265,10.466848
1.581633,0.765306,10.481538
1.581633,0.867347,10.496229
1.581633,0.969388,10.510920
1.581633,1.071429,10.525610
1.581633,1.173469,10.540301
1.581633,1.275510,10.554992
1.581633,1.377551,10.569682
1.581633,1.479592,10.584373
1.581633,1.581633,10.610408
1.581633,1.683673,10.639105
1.581633,1.785714,10.667801
1.581633,1.887755,10.696498
1.581633,1.989796,10.725194
1.581633,2.091837,10.753891
1.581633,2.193878,10.782587
1.581633,2.295918,10.811284
1.581633,2.397959,10.839981
1.581633,2.500000,10.868677
_Enter
_Polyline
1.683673,-2.500000,10.909721
1.683673,-2.397959,10.881024
1.683673,-2.295918,10.852328
1.683673,-2.193878,10.823631
1.683673,-2.091837,10.794935
1.683673,-1.989796,10.766238
1.683673,-1.887755,10.737542
1.683673,-1.785714,10.708845
1.683673,-1.683673,10.680148
1.683673,-1.581633,10.651452
1.683673,-1.479592,10.622860
1.683673,-1.377551,10.608170
1.683673,-1.275510,10.593479
1.683673,-1.173469,10.578788
1.683673,-1.071429,10.564098
1.683673,-0.969388,10.549407
1.683673,-0.867347,10.534716
1.683673,-0.765306,10.520026
1.683673,-0.663265,10.505335
1.683673,-0.561224,10.490644
1.683673,-0.459184,10.476161
1.683673,-0.357143,10.476161
1.683673,-0.255102,10.476161
1.683673,-0.153061,10.476161
1.683673,-0.051020,10.476161
1.683673,0.051020,10.476161
1.683673,0.153061,10.476161
1.683673,0.255102,10.476161
1.683673,0.357143,10.476161
1.683673,0.459184,10.476161
1.683673,0.561224,10.481538
1.683673,0.663265,10.496229
1.683673,0.765306,10.510920
1.683673,0.867347,10.525610
1.683673,0.969388,10.540301
1.683673,1.071429,10.554992
1.683673,1.173469,10.569682
1.683673,1.275510,10.584373
1.683673,1.377551,10.599063
1.683673,1.479592,10.613754
1.683673,1.581633,10.639105
1.683673,1.683673,10.667801
1.683673,1.785714,10.696498
1.683673,1.887755,10.725194
1.683673,1.989796,10.753891
1.683673,2.091837,10.782587
1.683673,2.193878,10.811284
1.683673,2.295918,10.839981
1.683673,2.397959,10.868677
1.683673,2.500000,10.897374
_Enter
_Polyline
1.785714,-2.500000,10.938417
1.785714,-2.397959,10.909721
1.785714,-2.295918,10.881024
1.785714,-2.193878,10.852328
1.785714,-2.091837,10.823631
1.785714,-1.989796,10.794935
1.785714,-1.887755,10.766238
1.785714,-1.785714,10.737542
1.785714,-1.683673,10.708845
1.785714,-1.581633,10.680148
1.785714,-1.479592,10.652242
1.785714,-1.377551,10.637551
1.785714,-1.275510,10.622860
1.785714,-1.173469,10.608170
1.785714,-1.071429,10.593479
1.785714,-0.969388,10.578788
1.785714,-0.867347,10.564098
1.785714,-0.765306,10.549407
1.785714,-0.663265,10.534716
1.785714,-0.561224,10.520026
1.785714,-0.459184,10.505779
1.785714,-0.357143,10.505779
1.785714,-0.255102,10.505779
1.785714,-0.153061,10.505779
1.785714,-0.051020,10.505779
1.785714,0.051020,10.505779
1.785714,0.153061,10.505779
1.785714,0.255102,10.505779
1.785714,0.357143,10.505779
1.785714,0.459184,10.505779
1.785714,0.561224,10.510920
1.785714,0.663265,10.525610
1.785714,0.765306,10.540301
1.785714,0.867347,10.554992
1.785714,0.969388,10.569682
1.785714,1.071429,10.584373
1.785714,1.173469,10.599063
1.785714,1.275510,10.613754
1.785714,1.377551,10.628445
1.785714,1.479592,10.643135
1.785714,1.581633,10.667801
1.785714,1.683673,10.696498
1.785714,1.785714,10.725194
1.785714,1.887755,10.753891
1.785714,1.989796,10.782587
1.785714,2.091837,10.811284
1.785714,2.193878,10.839981
1.785714,2.295918,10.868677
1.785714,2.397959,10.897374
1.785714,2.500000,10.926070
_Enter
_Polyline
1.887755,-2.500000,10.967114
1.887755,-2.397959,10.938417
1.887755,-2.295918,10.909721
1.887755,-2.193878,10.881024
1.887755,-2.091837,10.852328
1.887755,-1.989796,10.823631
1.887755,-1.887755,10.794935
1.887755,-1.785714,10.766238
1.887755,-1.683673,10.737542
1.887755,-1.581633,10.708845
1.887755,-1.479592,10.681623
1.887755,-1.377551,10.666932
1.887755,-1.275510,10.652242
1.887755,-1.173469,10.637551
1.887755,-1.071429,10.622860
1.887755,-0.969388,10.608170
1.887755,-0.867347,10.593479
1.887755,-0.765306,10.578788
1.887755,-0.663265,10.564098
1.887755,-0.561224,10.549407
1.887755,-0.459184,10.535397
1.887755,-0.357143,10.535397
1.887755,-0.255102,10.535397
1.887755,-0.153061,10.535397
1.887755,-0.051020,10.535397
1.887755,0.051020,10.535397
1.887755,0.153061,10.535397
1.887755,0.255102,10.535397
1.887755,0.357143,10.535397
1.887755,0.459184,10.535397
1.887755,0.561224,10.540301
1.887755,0.663265,10.554992
1.887755,0.765306,10.569682
1.887755,0.867347,10.584373
1.887755,0.969388,10.599063
1.887755,1.071429,10.613754
1.887755,1.173469,10.628445
1.887755,1.275510,10.643135
1.887755,1.377551,10.657826
1.887755,1.479592,10.672517
1.887755,1.581633,10.696498
1.887755,1.683673,10.725194
1.887755,1.785714,10.753891
1.887755,1.887755,10.782587
1.887755,1.989796,10.811284
1.887755,2.091837,10.839981
1.887755,2.193878,10.868677
1.887755,2.295918,10.897374
1.887755,2.397959,10.926070
1.887755,2.500000,10.954767
_Enter
_Polyline
1.989796,-2.500000,10.995810
1.989796,-2.397959,10.967114
1.989796,-2.295918,10.938417
1.989796,-2.193878,10.909721
1.989796,-2.091837,10.881024
1.989796,-1.989796,10.852328
1.989796,-1.887755,10.823631
1.989796,-1.785714,10.794935
1.989796,-1.683673,10.766238
1.989796,-1.581633,10.737542
1.989796,-1.479592,10.711004
1.989796,-1.377551,10.696314
1.989796,-1.275510,10.681623
1.989796,-1.173469,10.666932
1.989796,-1.071429,10.652242
1.989796,-0.969388,10.637551
1.989796,-0.867347,10.622860
1.989796,-0.765306,10.608170
1.989796,-0.663265,10.593479
1.989796,-0.561224,10.578788
1.989796,-0.459184,10.565016
1.989796,-0.357143,10.565016
1.989796,-0.255102,10.565016
1.989796,-0.153061,10.565016
1.989796,-0.051020,10.565016
1.989796,0.051020,10.565016
1.989796,0.153061,10.565016
1.989796,0.255102,10.565016
1.989796,0.357143,10.565016
1.989796,0.459184,10.565016
1.989796,0.561224,10.569682
1.989796,0.663265,10.584373
1.989796,0.765306,10.599063
1.989796,0.867347,10.613754
1.989796,0.969388,10.628445
1.989796,1.071429,10.643135
1.989796,1.173469,10.657826
1.989796,1.275510,10.672517
1.989796,1.377551,10.687207
1.989796,1.479592,10.701898
1.989796,1.581633,10.725194
1.989796,1.683673,10.753891
1.989796,1.785714,10.782587
1.989796,1.887755,10.811284
1.989796,1.989796,10.839981
1.989796,2.091837,10.868677
1.989796,2.193878,10.897374
1.989796,2.295918,10.926070
1.989796,2.397959,10.954767
1.989796,2.500000,10.983463
_Enter
_Polyline
2.091837,-2.500000,11.024507
2.091837,-2.397959,10.995810
2.091837,-2.295918,10.967114
2.091837,-2.193878,10.938417
2.091837,-2.091837,10.909721
2.091837,-1.989796,10.881024
2.091837,-1.887755,10.852328
2.091837,-1.785714,10.823631
2.091837,-1.683673,10.794935
2.091837,-1.581633,10.766238
2.091837,-1.479592,10.740386
2.091837,-1.377551,10.725695
2.091837,-1.275510,10.711004
2.091837,-1.173469,10.696314
2.091837,-1.071429,10.681623
2.091837,-0.969388,10.666932
2.091837,-0.867347,10.652242
2.091837,-0.765306,10.637551
2.091837,-0.663265,10.622860
2.091837,-0.561224,10.608170
2.091837,-0.459184,10.594634
2.091837,-0.357143,10.594634
2.091837,-0.255102,10.594634
2.091837,-0.153061,10.594634
2.091837,-0.051020,10.594634
2.091837,0.051020,10.594634
2.091837,0.153061,10.594634
2.091837,0.255102,10.594634
2.091837,0.357143,10.594634
2.091837,0.459184,10.594634
2.091837,0.561224,10.599063
2.091837,0.663265,10.613754
2.091837,0.765306,10.628445
2.091837,0.867347,10.643135
2.091837,0.969388,10.657826
2.091837,1.071429,10.672517
2.091837,1.173469,10.687207
2.091837,1.275510,10.701898
2.091837,1.377551,10.716589
2.091837,1.479592,10.731279
2.091837,1.581633,10.753891
2.091837,1.683673,10.782587
2.091837,1.785714,10.811284
2.091837,1.887755,10.839981
2.091837,1.989796,10.868677
2.091837,2.091837,10.897374
2.091837,2.193878,10.926070
2.091837,2.295918,10.954767
2.091837,2.397959,10.983463
2.091837,2.500000,11.012160
_Enter
_Polyline
2.193878,-2.500000,11.053204
2.193878,-2.397959,11.024507
2.193878,-2.295918,10.995810
2.193878,-2.193878,10.967114
2.193878,-2.091837,10.938417
2.193878,-1.989796,10.909721
2.193878,-1.887755,10.881024
2.193878,-1.785714,10.852328
2.193878,-1.683673,10.823631
2.193878,-1.581633,10.794935
2.193878,-1.479592,10.769767
2.193878,-1.377551,10.755076
2.193878,-1.275510,10.740386
2.193878,-1.173469,10.725695
2.193878,-1.071429,10.711004
2.193878,-0.969388,10.696314
2.193878,-0.867347,10.681623
2.193878,-0.765306,10.666932
2.193878,-0.663265,10.652242
2.193878,-0.561224,10.637551
2.193878,-0.459184,10.624252
2.193878,-0.357143,10.624252
2.193878,-0.255102,10.624252
2.193878,-0.153061,10.624252
2.193878,-0.051020,10.624252
2.193878,0.051020,10.624252
2.193878,0.153061,10.624252
2.193878,0.255102,10.624252
2.193878,0.357143,10.624252
2.193878,0.459184,10.624252
2.193878,0.561224,10.628445
2.193878,0.663265,10.643135
2.193878,0.765306,10.657826
2.193878,0.867347,10.672517
2.193878,0.969388,10.687207
2.193878,1.071429,10.701898
2.193878,1.173469,10.716589
2.193878,1.275510,10.731279
2.193878,1.377551,10.745970
2.193878,1.479592,10.760661
2.193878,1.581633,10.782587
2.193878,1.683673,10.811284
2.193878,1.785714,10.839981
2.193878,1.887755,10.868677
2.193878,1.989796,10.897374
2.193878,2.091837,10.926070
2.193878,2.193878,10.954767
2.193878,2.295918,10.983463
2.193878,2.397959,11.012160
2.193878,2.500000,11.040856
_Enter
_Polyline
2.295918,-2.500000,11.081900
2.295918,-2.397959,11.053204
2.295918,-2.295918,11.024507
2.295918,-2.193878,10.995810
2.295918,-2.091837,10.967114
2.295918,-1.989796,10.938417
2.295918,-1.887755,10.909721
2.295918,-1.785714,10.881024
2.295918,-1.683673,10.852328
2.295918,-1.581633,10.823631
2.295918,-1.479592,10.799148
2.295918,-1.377551,10.784458
2.295918,-1.275510,10.769767
2.295918,-1.173469,10.755076
2.295918,-1.071429,10.740386
2.295918,-0.969388,10.725695
2.295918,-0.867347,10.711004
2.295918,-0.765306,10.696314
2.295918,-0.663265,10.681623
2.295918,-0.561224,10.666932
2.295918,-0.459184,10.653870
2.295918,-0.357143,10.653870
2.295918,-0.255102,10.653870
2.295918,-0.153061,10.653870
2.295918,-0.051020,10.653870
2.295918,0.051020,10.653870
2.295918,0.153061,10.653870
2.295918,0.255102,10.653870
2.295918,0.357143,10.653870
2.295918,0.459184,10.653870
2.295918,0.561224,10.657826
2.295918,0.663265,10.672517
2.295918,0.765306,10.687207
2.295918,0.867347,10.701898
2.295918,0.969388,10.716589
2.295918,1.071429,10.731279
2.295918,1.173469,10.745970
2.295918,1.275510,10.760661
2.295918,1.377551,10.775351
2.295918,1.479592,10.790042
2.295918,1.581633,10.811284
2.295918,1.683673,10.839981
2.295918,1.785714,10.868677
2.295918,1.887755,10.897374
2.295918,1.989796,10.926070
2.295918,2.091837,10.954767
2.295918,2.193878,10.983463
2.295918,2.295918,11.012160
2.295918,2.397959,11.040856
2.295918,2.500000,11.069553
_Enter
_Polyline
2.397959,-2.500000,11.110597
2.397959,-2.397959,11.081900
2.397959,-2.295918,11.053204
2.397959,-2.193878,11.024507
2.397959,-2.091837,10.995810
2.397959,-1.989796,10.967114
2.397959,-1.887755,10.938417
2.397959,-1.785714,10.909721
2.397959,-1.683673,10.881024
2.397959,-1.581633,10.852328
2.397959,-1.479592,10.828530
2.397959,-1.377551,10.813839
2.397959,-1.275510,10.799148
2.397959,-1.173469,10.784458
2.397959,-1.071429,10.769767
2.397959,-0.969388,10.755076
2.397959,-0.867347,10.740386
2.397959,-0.765306,10.725695
2.397959,-0.663265,10.711004
2.397959,-0.561224,10.696314
2.397959,-0.459184,10.683488
2.397959,-0.357143,10.683488
2.397959,-0.255102,10.683488
2.397959,-0.153061,10.683488
2.397959,-0.051020,10.683488
2.397959,0.051020,10.683488
2.397959,0.153061,10.683488
2.397959,0.255102,10.683488
2.397959,0.357143,10.683488
2.397959,0.459184,10.683488
2.397959,0.561224,10.687207
2.397959,0.663265,10.701898
2.397959,0.765306,10.716589
2.397959,0.867347,10.731279
2.397959,0.969388,10.745970
2.397959,1.071429,10.760661
2.397959,1.173469,10.775351
2.397959,1.275510,10.790042
2.397959,1.377551,10.804733
2.397959,1.479592,10.819423
2.397959,1.581633,10.839981
2.397959,1.683673,10.868677
2.397959,1.785714,10.897374
2.397959,1.887755,10.926070
2.397959,1.989796,10.954767
2.397959,2.091837,10.983463
2.397959,2.193878,11.012160
2.397959,2.295918,11.040856
2.397959,2.397959,11.069553
2.397959,2.500000,11.098249
_Enter
_Polyline
2.500000,-2.500000,11.139293
2.500000,-2.397959,11.110597
2.500000,-2.295918,11.081900
2.500000,-2.193878,11.053204
2.500000,-2.091837,11.024507
2.500000,-1.989796,10.995810
2.500000,-1.887755,10.967114
2.500000,-1.785714,10.938417
2.500000,-1.683673,10.909721
2.500000,-1.581633,10.881024
2.500000,-1.479592,10.857911
2.500000,-1.377551,10.843220
2.500000,-1.275510,10.828530
2.500000,-1.173469,10.813839
2.500000,-1.071429,10.799148
2.500000,-0.969388,10.784458
2.500000,-0.867347,10.769767
2.500000,-0.765306,10.755076
2.500000,-0.663265,10.740386
2.500000,-0.561224,10.725695
2.500000,-0.459184,10.713107
2.500000,-0.357143,10.713107
2.500000,-0.255102,10.713107
2.500000,-0.153061,10.713107
2.500000,-0.051020,10.713107
2.500000,0.051020,10.713107
2.500000,0.153061,10.713107
2.500000,0.255102,10.713107
2.500000,0.357143,10.713107
2.500000,0.459184,10.713107
2.500000,0.561224,10.716589
2.500000,0.663265,10.731279
2.500000,0.765306,10.745970
2.500000,0.867347,10.760661
2.500000,0.969388,10.775351
2.500000,1.071429,10.790042
2.500000,1.173469,10.804733
2.500000,1.275510,10.819423
2.500000,1.377551,10.834114
2.500000,1.479592,10.848805
2.500000,1.581633,10.868677
2.500000,1.683673,10.897374
2.500000,1.785714,10.926070
2.500000,1.887755,10.954767
2.500000,1.989796,10.983463
2.500000,2.091837,11.012160
2.500000,2.193878,11.040856
2.500000,2.295918,11.069553
2.500000,2.397959,11.098249
2.500000,2.500000,11.126946
_Enter
